# z, h, chi
0.000000000000000000e+00 1.000000000000000000e+00 0.000000000000000000e+00
1.001001001001000992e-02 1.004654418499444590e+00 2.993981022537223069e+01
2.002002002002001985e-02 1.009379923268835855e+00 5.974018248383958252e+01
3.003003003003002977e-02 1.014176434059029352e+00 8.940032665898264952e+01
4.004004004004003969e-02 1.019043857288461474e+00 1.189194956594311492e+02
5.005005005005004615e-02 1.023982086420248683e+00 1.482969852523248164e+02
6.006006006006005954e-02 1.028991002341958616e+00 1.775321338505798110e+02
7.007007007007007293e-02 1.034070473747366936e+00 2.066243222556863373e+02
8.008008008008007939e-02 1.039220357519544002e+00 2.355729733578209846e+02
9.009009009009008584e-02 1.044440499114624776e+00 2.643775517950922449e+02
1.001001001001000923e-01 1.049730732945650225e+00 2.930375635737781295e+02
1.101101101101101126e-01 1.055090882765870930e+00 3.215525556514350001e+02
1.201201201201201191e-01 1.060520762050952692e+00 3.499221154847865023e+02
1.301301301301301394e-01 1.066020174379525676e+00 3.781458705443019994e+02
1.401401401401401459e-01 1.071588913811557076e+00 4.062234877973867242e+02
1.501501501501501523e-01 1.077226765264046371e+00 4.341546731621082245e+02
1.601601601601601588e-01 1.082933504883572873e+00 4.619391709333655172e+02
1.701701701701701652e-01 1.088708900415246594e+00 4.895767631834109466e+02
1.801801801801801717e-01 1.094552711567645886e+00 5.170672691385985900e+02
1.901901901901901781e-01 1.100464690373341936e+00 5.444105445342303256e+02
2.002002002002001846e-01 1.106444581544650863e+00 5.716064809493234407e+02
2.102102102102102188e-01 1.112492122824259910e+00 5.986550051231049565e+02
2.202202202202202252e-01 1.118607045330431982e+00 6.255560782550006707e+02
2.302302302302302317e-01 1.124789073896472313e+00 6.523096952898399650e+02
2.402402402402402382e-01 1.131037927404217713e+00 6.789158841899575236e+02
2.502502502502502724e-01 1.137353319111287675e+00 7.053747051958420116e+02
2.602602602602602788e-01 1.143734956971897088e+00 7.316862500769018425e+02
2.702702702702702853e-01 1.150182543951024705e+00 7.578506413739055461e+02
2.802802802802802917e-01 1.156695778331773505e+00 7.838680316345690926e+02
2.902902902902902982e-01 1.163274354015775947e+00 8.097386026437333157e+02
3.003003003003003046e-01 1.169917960816510449e+00 8.354625646494994271e+02
3.103103103103103111e-01 1.176626284745429407e+00 8.610401555866532135e+02
3.203203203203203175e-01 1.183399008290803911e+00 8.864716402986372259e+02
3.303303303303303240e-01 1.190235810689224349e+00 9.117573097592752447e+02
3.403403403403403304e-01 1.197136368189700040e+00 9.368974802954078314e+02
3.503503503503503369e-01 1.204100354310329468e+00 9.618924928115211515e+02
3.603603603603603434e-01 1.211127440087516050e+00 9.867427120174064612e+02
3.703703703703703498e-01 1.218217294317738508e+00 1.011448525659833194e+03
3.803803803803803563e-01 1.225369583791873218e+00 1.036010343759145599e+03
3.903903903903903627e-01 1.232583973522110687e+00 1.060428597851656605e+03
4.004004004004003692e-01 1.239860126961489506e+00 1.084703740238650653e+03
4.104104104104104311e-01 1.247197706216110147e+00 1.108836243242737737e+03
4.204204204204204376e-01 1.254596372250078362e+00 1.132826598472278874e+03
4.304304304304304440e-01 1.262055785083262105e+00 1.156675316094529990e+03
4.404404404404404505e-01 1.269575603981930145e+00 1.180382924118094707e+03
4.504504504504504570e-01 1.277155487642373632e+00 1.203949967685255842e+03
4.604604604604604634e-01 1.284795094367599200e+00 1.227377008374682646e+03
4.704704704704704699e-01 1.292494082237201081e+00 1.250664623514971709e+03
4.804804804804804763e-01 1.300252109270527034e+00 1.273813405509441964e+03
4.904904904904904828e-01 1.308068833583248436e+00 1.296823961172556665e+03
5.005005005005005447e-01 1.315943913537461540e+00 1.319696911078298626e+03
5.105105105105105512e-01 1.323877007885446266e+00 1.342432888920802043e+03
5.205205205205205576e-01 1.331867775907212392e+00 1.365032540887486221e+03
5.305305305305305641e-01 1.339915877541963729e+00 1.387496525044917007e+03
5.405405405405405705e-01 1.348020973513624599e+00 1.409825510737573723e+03
5.505505505505505770e-01 1.356182725450566728e+00 1.432020177999690986e+03
5.605605605605605835e-01 1.364400795999667348e+00 1.454081216980272757e+03
5.705705705705705899e-01 1.372674848934861025e+00 1.476009327381392495e+03
5.805805805805805964e-01 1.381004549260310910e+00 1.497805217909832209e+03
5.905905905905906028e-01 1.389389563308354392e+00 1.519469605742103113e+03
6.006006006006006093e-01 1.397829558832366148e+00 1.541003216002862928e+03
6.106106106106106157e-01 1.406324205094684698e+00 1.562406781256717295e+03
6.206206206206206222e-01 1.414873172949743019e+00 1.583681041013377580e+03
6.306306306306306286e-01 1.423476134922552871e+00 1.604826741246122765e+03
6.406406406406406351e-01 1.432132765282683851e+00 1.625844633923496303e+03
6.506506506506506415e-01 1.440842740113881471e+00 1.646735476554154729e+03
6.606606606606606480e-01 1.449605737379455306e+00 1.667500031744751823e+03
6.706706706706706544e-01 1.458421436983598385e+00 1.688139066770761929e+03
6.806806806806806609e-01 1.467289520828748861e+00 1.708653353160086226e+03
6.906906906906906674e-01 1.476209672869149170e+00 1.729043666289314615e+03
7.007007007007006738e-01 1.485181579160729903e+00 1.749310784992483377e+03
7.107107107107106803e-01 1.494204927907444969e+00 1.769455491182155583e+03
7.207207207207206867e-01 1.503279409504195696e+00 1.789478569482654621e+03
7.307307307307306932e-01 1.512404716576466690e+00 1.809380806875268036e+03
7.407407407407406996e-01 1.521580544016797987e+00 1.829162992355222514e+03
7.507507507507507061e-01 1.530806589018209651e+00 1.848825916600239452e+03
7.607607607607607125e-01 1.540082551104710928e+00 1.868370371650455581e+03
7.707707707707707190e-01 1.549408132158994089e+00 1.887797150599517408e+03
7.807807807807807254e-01 1.558783036447441095e+00 1.907107047296612791e+03
7.907907907907907319e-01 1.568206970642542775e+00 1.926300856059238185e+03
8.008008008008007383e-01 1.577679643842842649e+00 1.945379371396477836e+03
8.108108108108108558e-01 1.587200767590513983e+00 1.964343387742566392e+03
8.208208208208208623e-01 1.596770055886662432e+00 1.983193699200511901e+03
8.308308308308308687e-01 1.606387225204467528e+00 2.001931099295563627e+03
8.408408408408408752e-01 1.616051994500244060e+00 2.020556380738275038e+03
8.508508508508508816e-01 1.625764085222529243e+00 2.039070335196957330e+03
8.608608608608608881e-01 1.635523221319281184e+00 2.057473753079283142e+03
8.708708708708708945e-01 1.645329129243273458e+00 2.075767423322817194e+03
8.808808808808809010e-01 1.655181537955783710e+00 2.093952133194248745e+03
8.908908908908909074e-01 1.665080178928641352e+00 2.112028668097099853e+03
9.009009009009009139e-01 1.675024786144723388e+00 2.129997811387682759e+03
9.109109109109109204e-01 1.685015096096986076e+00 2.147860344199094015e+03
9.209209209209209268e-01 1.695050847786082615e+00 2.165617045273017993e+03
9.309309309309309333e-01 1.705131782716658106e+00 2.183268690799122396e+03
9.409409409409409397e-01 1.715257644892391520e+00 2.200816054261841145e+03
9.509509509509509462e-01 1.725428180809834844e+00 2.218259906294316806e+03
9.609609609609609526e-01 1.735643139451135353e+00 2.235601014539310199e+03
9.709709709709709591e-01 1.745902272275687173e+00 2.252840143516862099e+03
9.809809809809809655e-01 1.756205333210780983e+00 2.269978054498500569e+03
9.909909909909909720e-01 1.766552078641307366e+00 2.287015505387809753e+03
1.001001001001001089e+00 1.776942267398564645e+00 2.303953250607146856e+03
1.011011011011011096e+00 1.787375660748234951e+00 2.320792040990328132e+03
1.021021021021021102e+00 1.797852022377569581e+00 2.337532623681088808e+03
1.031031031031031109e+00 1.808371118381840947e+00 2.354175742037131386e+03
1.041041041041041115e+00 1.818932717250097975e+00 2.370722135539586816e+03
1.051051051051051122e+00 1.829536589850285333e+00 2.387172539707705255e+03
1.061061061061061128e+00 1.840182509413753831e+00 2.403527686018604527e+03
1.071071071071071135e+00 1.850870251519218357e+00 2.419788301831907120e+03
1.081081081081081141e+00 1.861599594076193132e+00 2.435955110319104733e+03
1.091091091091091148e+00 1.872370317307945120e+00 2.452028830397471665e+03
1.101101101101101154e+00 1.883182203734004911e+00 2.468010176668394706e+03
1.111111111111111160e+00 1.894035038152269923e+00 2.483899859359937182e+03
1.121121121121121167e+00 1.904928607620725023e+00 2.499698584273511187e+03
1.131131131131131173e+00 1.915862701438828530e+00 2.515407052734492027e+03
1.141141141141141180e+00 1.926837111128578250e+00 2.531025961546646613e+03
1.151151151151151186e+00 1.937851630415295068e+00 2.546556002950223956e+03
1.161161161161161193e+00 1.948906055208151189e+00 2.561997864583583578e+03
1.171171171171171199e+00 1.960000183580467681e+00 2.577352229448219987e+03
1.181181181181181206e+00 1.971133815749806839e+00 2.592619775877062693e+03
1.191191191191191212e+00 1.982306754057886922e+00 2.607801177505925352e+03
1.201201201201201219e+00 1.993518802950336566e+00 2.622897103247974883e+03
1.211211211211211225e+00 2.004769768956311538e+00 2.637908217271117792e+03
1.221221221221221231e+00 2.016059460668004455e+00 2.652835178978174554e+03
1.231231231231231238e+00 2.027387688720046377e+00 2.667678642989741093e+03
1.241241241241241244e+00 2.038754265768845109e+00 2.682439259129625043e+03
1.251251251251251251e+00 2.050159006471855783e+00 2.697117672412754018e+03
1.261261261261261257e+00 2.061601727466809919e+00 2.711714523035449929e+03
1.271271271271271264e+00 2.073082247350920504e+00 2.726230446367987497e+03
1.281281281281281270e+00 2.084600386660078186e+00 2.740666072949311001e+03
1.291291291291291277e+00 2.096155967848043034e+00 2.755022028483852864e+03
1.301301301301301283e+00 2.107748815265657161e+00 2.769298933840339487e+03
1.311311311311311290e+00 2.119378755140086223e+00 2.783497405052505655e+03
1.321321321321321296e+00 2.131045615554105321e+00 2.797618053321639309e+03
1.331331331331331302e+00 2.142749226425427533e+00 2.811661485020864802e+03
1.341341341341341309e+00 2.154489419486106172e+00 2.825628301701099190e+03
1.351351351351351315e+00 2.166266028262002319e+00 2.839519100098591480e+03
1.361361361361361322e+00 2.178078888052339401e+00 2.853334472143986659e+03
1.371371371371371328e+00 2.189927835909346587e+00 2.867075004972833540e+03
1.381381381381381335e+00 2.201812710618002988e+00 2.880741280937468218e+03
1.391391391391391341e+00 2.213733352675886668e+00 2.894333877620216299e+03
1.401401401401401348e+00 2.225689604273140443e+00 2.907853367847837035e+03
1.411411411411411354e+00 2.237681309272558927e+00 2.921300319707158906e+03
1.421421421421421361e+00 2.249708313189799913e+00 2.934675296561845698e+03
1.431431431431431367e+00 2.261770463173732537e+00 2.947978857070224421e+03
1.441441441441441373e+00 2.273867607986922668e+00 2.961211555204139586e+03
1.451451451451451380e+00 2.285999597986260401e+00 2.974373940268758361e+03
1.461461461461461386e+00 2.298166285103738549e+00 2.987466556923296594e+03
1.471471471471471393e+00 2.310367522827381226e+00 3.000489945202600666e+03
1.481481481481481399e+00 2.322603166182330536e+00 3.013444640539542888e+03
1.491491491491491406e+00 2.334873071712093129e+00 3.026331173788185424e+03
1.501501501501501412e+00 2.347177097459948847e+00 3.039150071247668620e+03
1.511511511511511419e+00 2.359515102950526355e+00 3.051901854686778734e+03
1.521521521521521425e+00 2.371886949171547521e+00 3.064587041369155486e+03
1.531531531531531432e+00 2.384292498555745432e+00 3.077206144079098976e+03
1.541541541541541438e+00 2.396731614962948065e+00 3.089759671147940935e+03
1.551551551551551444e+00 2.409204163662352460e+00 3.102248126480940300e+03
1.561561561561561451e+00 2.421710011314955224e+00 3.114672009584669468e+03
1.571571571571571457e+00 2.434249025956181978e+00 3.127031815594856653e+03
1.581581581581581464e+00 2.446821076978683784e+00 3.139328035304653895e+03
1.591591591591591470e+00 2.459426035115316544e+00 3.151561155193299783e+03
1.601601601601601477e+00 2.472063772422306904e+00 3.163731657455139157e+03
1.611611611611611705e+00 2.484734162262595358e+00 3.175840020028985691e+03
1.621621621621621712e+00 2.497437079289364092e+00 3.187886716627786427e+03
1.631631631631631718e+00 2.510172399429747347e+00 3.199872216768564613e+03
1.641641641641641725e+00 2.522939999868726968e+00 3.211796985802626295e+03
1.651651651651651731e+00 2.535739759033211360e+00 3.223661484945986558e+03
1.661661661661661737e+00 2.548571556576292974e+00 3.235466171310013124e+03
1.671671671671671744e+00 2.561435273361697629e+00 3.247211497932247767e+03
1.681681681681681750e+00 2.574330791448409261e+00 3.258897913807394161e+03
1.691691691691691757e+00 2.587257994075480294e+00 3.270525863918450796e+03
1.701701701701701763e+00 2.600216765647024530e+00 3.282095789267963482e+03
1.711711711711711770e+00 2.613206991717389460e+00 3.293608126909385192e+03
1.721721721721721776e+00 2.626228558976511085e+00 3.305063309978520465e+03
1.731731731731731783e+00 2.639281355235448157e+00 3.316461767725041227e+03
1.741741741741741789e+00 2.652365269412092275e+00 3.327803925544055346e+03
1.751751751751751796e+00 2.665480191517064945e+00 3.339090205007712029e+03
1.761761761761761802e+00 2.678626012639774512e+00 3.350321023896826318e+03
1.771771771771771808e+00 2.691802624934674704e+00 3.361496796232521319e+03
1.781781781781781815e+00 2.705009921607668399e+00 3.372617932307852698e+03
1.791791791791791821e+00 2.718247796902710345e+00 3.383684838719419986e+03
1.801801801801801828e+00 2.731516146088562191e+00 3.394697918398951970e+03
1.811811811811811834e+00 2.744814865445740715e+00 3.405657570644840689e+03
1.821821821821821841e+00 2.758143852253606365e+00 3.416564191153624961e+03
1.831831831831831847e+00 2.771503004777649437e+00 3.427418172051410238e+03
1.841841841841841854e+00 2.784892222256919236e+00 3.438219901925209797e+03
1.851851851851851860e+00 2.798311404891641541e+00 3.448969765854207708e+03
1.861861861861861867e+00 2.811760453830975504e+00 3.459668145440919943e+03
1.871871871871871873e+00 2.825239271160951304e+00 3.470315418842260442e+03
1.881881881881881879e+00 2.838747759892559674e+00 3.480911960800489851e+03
1.891891891891891886e+00 2.852285823950004406e+00 3.491458142674049668e+03
1.901901901901901892e+00 2.865853368159109404e+00 3.501954332468270877e+03
1.911911911911911899e+00 2.879450298235885608e+00 3.512400894865944338e+03
1.921921921921921905e+00 2.893076520775246241e+00 3.522798191257759299e+03
1.931931931931931912e+00 2.906731943239879712e+00 3.533146579772586847e+03
1.941941941941941918e+00 2.920416473949277503e+00 3.543446415307620555e+03
1.951951951951951925e+00 2.934130022068897503e+00 3.553698049558352977e+03
1.961961961961961931e+00 2.947872497599488106e+00 3.563901831048392978e+03
1.971971971971971938e+00 2.961643811366556633e+00 3.574058105159115257e+03
1.981981981981981944e+00 2.975443875009973649e+00 3.584167214159135256e+03
1.991991991991991950e+00 2.989272600973730043e+00 3.594229497233611255e+03
2.002002002002002179e+00 3.003129902495828674e+00 3.604245290513364125e+03
2.012012012012012185e+00 3.017015693598319448e+00 3.614214927103811078e+03
2.022022022022022192e+00 3.030929889077468964e+00 3.624138737113717525e+03
2.032032032032032198e+00 3.044872404494066931e+00 3.634017047683750661e+03
2.042042042042042205e+00 3.058843156163863597e+00 3.643850183014842514e+03
2.052052052052052211e+00 3.072842061148156390e+00 3.653638464396360632e+03
2.062062062062062218e+00 3.086869037244475145e+00 3.663382210234069589e+03
2.072072072072072224e+00 3.100924002977432536e+00 3.673081736077900132e+03
2.082082082082082231e+00 3.115006877589675760e+00 3.682737354649510507e+03
2.092092092092092237e+00 3.129117581032979434e+00 3.692349375869639971e+03
2.102102102102102243e+00 3.143256033959452633e+00 3.701918106885258567e+03
2.112112112112112250e+00 3.157422157712876487e+00 3.711443852096506816e+03
2.122122122122122256e+00 3.171615874320160344e+00 3.720926913183423949e+03
2.132132132132132263e+00 3.185837106482912073e+00 3.730367589132463308e+03
2.142142142142142269e+00 3.200085777569138923e+00 3.739766176262797671e+03
2.152152152152152276e+00 3.214361811605048747e+00 3.749122968252407190e+03
2.162162162162162282e+00 3.228665133266976017e+00 3.758438256163956794e+03
2.172172172172172289e+00 3.242995667873424193e+00 3.767712328470451212e+03
2.182182182182182295e+00 3.257353341377208444e+00 3.776945471080684456e+03
2.192192192192192302e+00 3.271738080357715628e+00 3.786137967364461474e+03
2.202202202202202308e+00 3.286149812013273941e+00 3.795290098177609252e+03
2.212212212212212314e+00 3.300588464153624280e+00 3.804402141886771460e+03
2.222222222222222321e+00 3.315053965192504393e+00 3.813474374393985272e+03
2.232232232232232327e+00 3.329546244140330291e+00 3.822507069161034906e+03
2.242242242242242334e+00 3.344065230596982907e+00 3.831500497233599162e+03
2.252252252252252340e+00 3.358610854744695562e+00 3.840454927265170681e+03
2.262262262262262347e+00 3.373183047341044016e+00 3.849370625540769652e+03
2.272272272272272353e+00 3.387781739712034224e+00 3.858247856000431057e+03
2.282282282282282360e+00 3.402406863745277565e+00 3.867086880262481827e+03
2.292292292292292366e+00 3.417058351883279332e+00 3.875887957646605173e+03
2.302302302302302373e+00 3.431736137116801810e+00 3.884651345196678449e+03
2.312312312312312379e+00 3.446440152978340166e+00 3.893377297703414570e+03
2.322322322322322385e+00 3.461170333535670718e+00 3.902066067726772872e+03
2.332332332332332392e+00 3.475926613385504904e+00 3.910717905618168516e+03
2.342342342342342398e+00 3.490708927647220072e+00 3.919333059542465890e+03
2.352352352352352405e+00 3.505517211956687085e+00 3.927911775499761006e+03
2.362362362362362411e+00 3.520351402460180967e+00 3.936454297346956537e+03
2.372372372372372418e+00 3.535211435808369718e+00 3.944960866819121748e+03
2.382382382382382424e+00 3.550097249150402146e+00 3.953431723550653714e+03
2.392392392392392431e+00 3.565008780128062771e+00 3.961867105096223440e+03
2.402402402402402437e+00 3.579945966870020868e+00 3.970267246951520065e+03
2.412412412412412444e+00 3.594908747986144792e+00 3.978632382573789528e+03
2.422422422422422450e+00 3.609897062561913561e+00 3.986962743402170418e+03
2.432432432432432456e+00 3.624910850152889719e+00 3.995258558877825635e+03
2.442442442442442463e+00 3.639950050779281021e+00 4.003520056463877609e+03
2.452452452452452469e+00 3.655014604920567400e+00 4.011747461665137507e+03
2.462462462462462476e+00 3.670104453510212750e+00 4.019940998047640733e+03
2.472472472472472482e+00 3.685219537930443323e+00 4.028100887257984141e+03
2.482482482482482489e+00 3.700359800007097633e+00 4.036227349042468177e+03
2.492492492492492495e+00 3.715525182004552729e+00 4.044320601266042104e+03
2.502502502502502502e+00 3.730715626620713099e+00 4.052380859931057785e+03
2.512512512512512508e+00 3.745931076982082164e+00 4.060408339195834742e+03
2.522522522522522515e+00 3.761171476638882183e+00 4.068403251393031496e+03
2.532532532532532521e+00 3.776436769560259421e+00 4.076365807047828184e+03
2.542542542542542527e+00 3.791726900129544386e+00 4.084296214895925004e+03
2.552552552552552534e+00 3.807041813139583564e+00 4.092194681901353761e+03
2.562562562562562540e+00 3.822381453788125771e+00 4.100061413274101142e+03
2.572572572572572547e+00 3.837745767673286235e+00 4.107896612487558741e+03
2.582582582582582553e+00 3.853134700789058620e+00 4.115700481295779355e+03
2.592592592592592560e+00 3.868548199520898567e+00 4.123473219750566386e+03
2.602602602602602566e+00 3.883986210641360071e+00 4.131215026218375897e+03
2.612612612612612573e+00 3.899448681305794029e+00 4.138926097397043122e+03
2.622622622622622579e+00 3.914935559048111635e+00 4.146606628332341643e+03
2.632632632632632586e+00 3.930446791776591287e+00 4.154256812434358835e+03
2.642642642642642592e+00 3.945982327769756992e+00 4.161876841493703978e+03
2.652652652652652598e+00 3.961542115672307851e+00 4.169466905697548100e+03
2.662662662662662605e+00 3.977126104491090164e+00 4.177027193645489206e+03
2.672672672672672611e+00 3.992734243591150367e+00 4.184557892365257430e+03
2.682682682682682618e+00 4.008366482691812394e+00 4.192059187328246480e+03
2.692692692692692624e+00 4.024022771862831860e+00 4.199531262464886822e+03
2.702702702702702631e+00 4.039703061520582672e+00 4.206974300179850616e+03
2.712712712712712637e+00 4.055407302424310245e+00 4.214388481367105669e+03
2.722722722722722644e+00 4.071135445672426023e+00 4.221773985424794773e+03
2.732732732732732650e+00 4.086887442698850847e+00 4.229130990269966787e+03
2.742742742742742657e+00 4.102663245269420500e+00 4.236459672353155838e+03
2.752752752752752663e+00 4.118462805478315225e+00 4.243760206672786808e+03
2.762762762762762669e+00 4.134286075744561195e+00 4.251032766789450761e+03
2.772772772772772676e+00 4.150133008808565727e+00 4.258277524840008482e+03
2.782782782782782682e+00 4.166003557728699569e+00 4.265494651551554853e+03
2.792792792792792689e+00 4.181897675877924492e+00 4.272684316255232261e+03
2.802802802802802695e+00 4.197815316940473274e+00 4.279846686899891210e+03
2.812812812812812702e+00 4.213756434908559001e+00 4.286981930065609959e+03
2.822822822822822708e+00 4.229720984079143875e+00 4.294090210977075003e+03
2.832832832832832715e+00 4.245708919050737329e+00 4.301171693516797859e+03
2.842842842842842721e+00 4.261720194720242105e+00 4.308226540238217240e+03
2.852852852852852727e+00 4.277754766279846521e+00 4.315254912378642985e+03
2.862862862862862734e+00 4.293812589213945152e+00 4.322256969872061745e+03
2.872872872872872740e+00 4.309893619296115475e+00 4.329232871361818070e+03
2.882882882882882747e+00 4.325997812586116709e+00 4.336182774213143603e+03
2.892892892892892753e+00 4.342125125426946397e+00 4.343106834525564409e+03
2.902902902902902760e+00 4.358275514441909415e+00 4.350005207145166423e+03
2.912912912912912766e+00 4.374448936531764254e+00 4.356878045676737202e+03
2.922922922922922773e+00 4.390645348871864861e+00 4.363725502495770343e+03
2.932932932932932779e+00 4.406864708909359329e+00 4.370547728760343489e+03
2.942942942942942786e+00 4.423106974360440979e+00 4.377344874422871726e+03
2.952952952952952792e+00 4.439372103207593234e+00 4.384117088241730016e+03
2.962962962962962798e+00 4.455660053696905543e+00 4.390864517792754668e+03
2.972972972972972805e+00 4.471970784335421278e+00 4.397587309480619297e+03
2.982982982982982811e+00 4.488304253888492745e+00 4.404285608550088000e+03
2.992992992992992818e+00 4.504660421377198354e+00 4.410959559097152123e+03
3.003003003003002824e+00 4.521039246075783780e+00 4.417609304080040602e+03
3.013013013013012831e+00 4.537440687509127102e+00 4.424234985330117524e+03
3.023023023023022837e+00 4.553864705450253680e+00 4.430836743562662377e+03
3.033033033033032844e+00 4.570311259917859914e+00 4.437414718387529319e+03
3.043043043043042850e+00 4.586780311173891178e+00 4.443969048319701869e+03
3.053053053053052857e+00 4.603271819721138414e+00 4.450499870789722081e+03
3.063063063063062863e+00 4.619785746300864027e+00 4.457007322154020585e+03
3.073073073073072869e+00 4.636322051890460649e+00 4.463491537705123847e+03
3.083083083083082876e+00 4.652880697701140100e+00 4.469952651681764110e+03
3.093093093093092882e+00 4.669461645175653430e+00 4.476390797278869286e+03
3.103103103103102889e+00 4.686064855986031397e+00 4.482806106657456439e+03
3.113113113113112895e+00 4.702690292031365793e+00 4.489198710954409762e+03
3.123123123123122902e+00 4.719337915435601438e+00 4.495568740292162147e+03
3.133133133133132908e+00 4.736007688545374350e+00 4.501916323788268528e+03
3.143143143143142915e+00 4.752699573927861465e+00 4.508241589564876449e+03
3.153153153153152921e+00 4.769413534368671215e+00 4.514544664758098406e+03
3.163163163163162928e+00 4.786149532869744760e+00 4.520825675527285057e+03
3.173173173173172934e+00 4.802907532647289202e+00 4.527084747064190196e+03
3.183183183183182940e+00 4.819687497129748976e+00 4.533322003602053883e+03
3.193193193193192947e+00 4.836489389955784368e+00 4.539537568424571873e+03
3.203203203203202953e+00 4.853313174972278432e+00 4.545731563874781386e+03
3.213213213213213404e+00 4.870158816232379451e+00 4.551904111363845004e+03
3.223223223223223410e+00 4.887026277993550494e+00 4.558055331379749077e+03
3.233233233233233417e+00 4.903915524715662499e+00 4.564185343495898451e+03
3.243243243243243423e+00 4.920826521059092684e+00 4.570294266379630244e+03
3.253253253253253430e+00 4.937759231882851374e+00 4.576382217800632134e+03
3.263263263263263436e+00 4.954713622242740811e+00 4.582449314639270597e+03
3.273273273273273443e+00 4.971689657389523731e+00 4.588495672894833660e+03
3.283283283283283449e+00 4.988687302767123022e+00 4.594521407693683614e+03
3.293293293293293456e+00 5.005706524010834713e+00 4.600526633297324224e+03
3.303303303303303462e+00 5.022747286945572931e+00 4.606511463110384284e+03
3.313313313313313468e+00 5.039809557584122857e+00 4.612476009688513841e+03
3.323323323323323475e+00 5.056893302125428313e+00 4.618420384746202217e+03
3.333333333333333481e+00 5.073998486952892684e+00 4.624344699164500526e+03
3.343343343343343488e+00 5.091125078632696699e+00 4.630249062998679619e+03
3.353353353353353494e+00 5.108273043912144651e+00 4.636133585485797994e+03
3.363363363363363501e+00 5.125442349718023927e+00 4.641998375052187839e+03
3.373373373373373507e+00 5.142632963154987635e+00 4.647843539320869240e+03
3.383383383383383514e+00 5.159844851503951446e+00 4.653669185118880705e+03
3.393393393393393520e+00 5.177077982220519736e+00 4.659475418484535112e+03
3.403403403403403527e+00 5.194332322933415291e+00 4.665262344674598353e+03
3.413413413413413533e+00 5.211607841442939204e+00 4.671030068171394305e+03
3.423423423423423539e+00 5.228904505719445872e+00 4.676778692689832496e+03
3.433433433433433546e+00 5.246222283901835759e+00 4.682508321184367560e+03
3.443443443443443552e+00 5.263561144296059702e+00 4.688219055855877741e+03
3.453453453453453559e+00 5.280921055373655193e+00 4.693910998158476104e+03
3.463463463463463565e+00 5.298301985770278222e+00 4.699584248806254436e+03
3.473473473473473572e+00 5.315703904284279524e+00 4.705238907779948022e+03
3.483483483483483578e+00 5.333126779875268397e+00 4.710875074333540397e+03
3.493493493493493585e+00 5.350570581662716485e+00 4.716492847000786242e+03
3.503503503503503591e+00 5.368035278924564224e+00 4.722092323601683347e+03
3.513513513513513598e+00 5.385520841095844169e+00 4.727673601248864543e+03
3.523523523523523604e+00 5.403027237767332736e+00 4.733236776353926871e+03
3.533533533533533610e+00 5.420554438684197507e+00 4.738781944633692547e+03
3.543543543543543617e+00 5.438102413744676511e+00 4.744309201116416261e+03
3.553553553553553623e+00 5.455671132998766382e+00 4.749818640147908809e+03
3.563563563563563630e+00 5.473260566646919401e+00 4.755310355397618878e+03
3.573573573573573636e+00 5.490870685038775179e+00 4.760784439864630258e+03
3.583583583583583643e+00 5.508501458671873685e+00 4.766240985883619032e+03
3.593593593593593649e+00 5.526152858190417128e+00 4.771680085130729822e+03
3.603603603603603656e+00 5.543824854384029166e+00 4.777101828629402007e+03
3.613613613613613662e+00 5.561517418186520345e+00 4.782506306756141385e+03
3.623623623623623669e+00 5.579230520674689942e+00 4.787893609246212691e+03
3.633633633633633675e+00 5.596964133067113600e+00 4.793263825199296662e+03
3.643643643643643681e+00 5.614718226722974492e+00 4.798617043085071600e+03
3.653653653653653688e+00 5.632492773140881148e+00 4.803953350748748562e+03
3.663663663663663694e+00 5.650287743957709274e+00 4.809272835416542875e+03
3.673673673673673701e+00 5.668103110947465773e+00 4.814575583701096548e+03
3.683683683683683707e+00 5.685938846020145654e+00 4.819861681606836100e+03
3.693693693693693714e+00 5.703794921220621816e+00 4.825131214535286745e+03
3.703703703703703720e+00 5.721671308727524163e+00 4.830384267290321986e+03
3.713713713713713727e+00 5.739567980852158691e+00 4.835620924083365935e+03
3.723723723723723733e+00 5.757484910037415915e+00 4.840841268538542863e+03
3.733733733733733740e+00 5.775422068856699731e+00 4.846045383697767647e+03
3.743743743743743746e+00 5.793379430012871367e+00 4.851233352025798922e+03
3.753753753753753752e+00 5.811356966337193342e+00 4.856405255415220381e+03
3.763763763763763759e+00 5.829354650788300951e+00 4.861561175191392067e+03
3.773773773773773765e+00 5.847372456451177314e+00 4.866701192117337087e+03
3.783783783783783772e+00 5.865410356536124858e+00 4.871825386398587398e+03
3.793793793793793778e+00 5.883468324377783887e+00 4.876933837687975938e+03
3.803803803803803785e+00 5.901546333434120939e+00 4.882026625090382367e+03
3.813813813813813791e+00 5.919644357285452685e+00 4.887103827167431518e+03
3.823823823823823798e+00 5.937762369633482251e+00 4.892165521942143641e+03
3.833833833833833804e+00 5.955900344300328442e+00 4.897211786903538268e+03
3.843843843843843811e+00 5.974058255227573611e+00 4.902242699011190780e+03
3.853853853853853817e+00 5.992236076475338180e+00 4.907258334699746229e+03
3.863863863863863823e+00 6.010433782221330290e+00 4.912258769883382229e+03
3.873873873873873830e+00 6.028651346759938967e+00 4.917244079960237286e+03
3.883883883883883836e+00 6.046888744501319302e+00 4.922214339816784559e+03
3.893893893893893843e+00 6.065145949970486505e+00 4.927169623832165598e+03
3.903903903903903849e+00 6.083422937806435726e+00 4.932110005882484984e+03
3.913913913913913856e+00 6.101719682761246766e+00 4.937035559345054025e+03
3.923923923923923862e+00 6.120036159699216327e+00 4.941946357102602633e+03
3.933933933933933869e+00 6.138372343595998260e+00 4.946842471547439345e+03
3.943943943943943875e+00 6.156728209537742913e+00 4.951723974585574979e+03
3.953953953953953881e+00 6.175103732720251593e+00 4.956590937640808079e+03
3.963963963963963888e+00 6.193498888448143447e+00 4.961443431658763075e+03
3.973973973973973894e+00 6.211913652134021468e+00 4.966281527110897514e+03
3.983983983983983901e+00 6.230347999297659811e+00 4.971105293998456546e+03
3.993993993993993907e+00 6.248801905565183112e+00 4.975914801856405575e+03
4.004004004004004358e+00 6.267275346668271574e+00 4.980710119757308348e+03
4.014014014014014364e+00 6.285768298443362490e+00 4.985491316315180484e+03
4.024024024024024371e+00 6.304280736830870424e+00 4.990258459689290248e+03
4.034034034034034377e+00 6.322812637874389630e+00 4.995011617587938417e+03
4.044044044044044384e+00 6.341363977719942646e+00 4.999750857272185385e+03
4.054054054054054390e+00 6.359934732615220909e+00 5.004476245559558265e+03
4.064064064064064397e+00 6.378524878908805817e+00 5.009187848827703419e+03
4.074074074074074403e+00 6.397134393049444867e+00 5.013885733018021710e+03
4.084084084084084409e+00 6.415763251585301141e+00 5.018569963639252819e+03
4.094094094094094416e+00 6.434411431163220563e+00 5.023240605771037735e+03
4.104104104104104422e+00 6.453078908528017799e+00 5.027897724067434865e+03
4.114114114114114429e+00 6.471765660521739960e+00 5.032541382760407942e+03
4.124124124124124435e+00 6.490471664082972048e+00 5.037171645663286654e+03
4.134134134134134442e+00 6.509196896246129960e+00 5.041788576174177251e+03
4.144144144144144448e+00 6.527941334140765051e+00 5.046392237279356777e+03
4.154154154154154455e+00 6.546704954990866909e+00 5.050982691556624559e+03
4.164164164164164461e+00 6.565487736114191897e+00 5.055560001178624589e+03
4.174174174174174468e+00 6.584289654921579249e+00 5.060124227916136078e+03
4.184184184184184474e+00 6.603110688916291160e+00 5.064675433141333087e+03
4.194194194194194480e+00 6.621950815693339543e+00 5.069213677831010500e+03
4.204204204204204487e+00 6.640810012938839435e+00 5.073739022569780900e+03
4.214214214214214493e+00 6.659688258429360630e+00 5.078251527553237793e+03
4.224224224224224500e+00 6.678585530031267758e+00 5.082751252591097909e+03
4.234234234234234506e+00 6.697501805700109223e+00 5.087238257110296217e+03
4.244244244244244513e+00 6.716437063479964387e+00 5.091712600158070927e+03
4.254254254254254519e+00 6.735391281502837835e+00 5.096174340405007570e+03
4.264264264264264526e+00 6.754364437988026992e+00 5.100623536148053063e+03
4.274274274274274532e+00 6.773356511241518163e+00 5.105060245313507949e+03
4.284284284284284539e+00 6.792367479655378126e+00 5.109484525459985889e+03
4.294294294294294545e+00 6.811397321707147512e+00 5.113896433781347696e+03
4.304304304304304551e+00 6.830446015959258155e+00 5.118296027109604438e+03
4.314314314314314558e+00 6.849513541058443344e+00 5.122683361917790535e+03
4.324324324324324564e+00 6.868599875735133864e+00 5.127058494322823208e+03
4.334334334334334571e+00 6.887704998802909984e+00 5.131421480088318276e+03
4.344344344344344577e+00 6.906828889157912599e+00 5.135772374627390491e+03
4.354354354354354584e+00 6.925971525778273907e+00 5.140111233005415670e+03
4.364364364364364590e+00 6.945132887723571180e+00 5.144438109942789197e+03
4.374374374374374597e+00 6.964312954134254774e+00 5.148753059817637222e+03
4.384384384384384603e+00 6.983511704231109007e+00 5.153056136668500585e+03
4.394394394394394610e+00 7.002729117314700602e+00 5.157347394197019639e+03
4.404404404404404616e+00 7.021965172764833341e+00 5.161626885770565423e+03
4.414414414414414622e+00 7.041219850040034700e+00 5.165894664424864459e+03
4.424424424424424629e+00 7.060493128676998964e+00 5.170150782866585359e+03
4.434434434434434635e+00 7.079784988290078296e+00 5.174395293475914514e+03
4.444444444444444642e+00 7.099095408570755161e+00 5.178628248309102673e+03
4.454454454454454648e+00 7.118424369287135178e+00 5.182849699100981525e+03
4.464464464464464655e+00 7.137771850283421315e+00 5.187059697267466618e+03
4.474474474474474661e+00 7.157137831479434276e+00 5.191258293908033011e+03
4.484484484484484668e+00 7.176522292870078701e+00 5.195445539808168178e+03
4.494494494494494674e+00 7.195925214524870661e+00 5.199621485441799450e+03
4.504504504504504681e+00 7.215346576587437610e+00 5.203786180973705086e+03
4.514514514514514687e+00 7.234786359275029888e+00 5.207939676261898057e+03
4.524524524524524693e+00 7.254244542878041990e+00 5.212082020859989825e+03
4.534534534534534700e+00 7.273721107759528515e+00 5.216213264019535018e+03
4.544544544544544706e+00 7.293216034354730759e+00 5.220333454692347914e+03
4.554554554554554713e+00 7.312729303170618422e+00 5.224442641532802554e+03
4.564564564564564719e+00 7.332260894785404659e+00 5.228540872900113754e+03
4.574574574574574726e+00 7.351810789848094885e+00 5.232628196860591743e+03
4.584584584584584732e+00 7.371378969078040910e+00 5.236704661189881335e+03
4.594594594594594739e+00 7.390965413264457773e+00 5.240770313375175647e+03
4.604604604604604745e+00 7.410570103266015174e+00 5.244825200617414339e+03
4.614614614614614752e+00 7.430193020010355198e+00 5.248869369833459132e+03
4.624624624624624758e+00 7.449834144493673094e+00 5.252902867658251125e+03
4.634634634634634764e+00 7.469493457780272294e+00 5.256925740446945383e+03
4.644644644644644771e+00 7.489170941002138093e+00 5.260938034277033694e+03
4.654654654654654777e+00 7.508866575358500661e+00 5.264939794950440955e+03
4.664664664664664784e+00 7.528580342115411383e+00 5.268931067995598823e+03
4.674674674674674790e+00 7.548312222605331634e+00 5.272911898669517541e+03
4.684684684684684797e+00 7.568062198226692239e+00 5.276882331959819567e+03
4.694694694694694803e+00 7.587830250443509783e+00 5.280842412586765931e+03
4.704704704704704810e+00 7.607616360784945186e+00 5.284792185005267129e+03
4.714714714714714816e+00 7.627420510844919121e+00 5.288731693406861268e+03
4.724724724724724823e+00 7.647242682281707005e+00 5.292660981721693133e+03
4.734734734734734829e+00 7.667082856817520664e+00 5.296580093620461412e+03
4.744744744744744835e+00 7.686941016238133528e+00 5.300489072516355918e+03
4.754754754754754842e+00 7.706817142392474729e+00 5.304387961566974809e+03
4.764764764764764848e+00 7.726711217192249848e+00 5.308276803676226336e+03
4.774774774774774855e+00 7.746623222611545678e+00 5.312155641496208773e+03
4.784784784784784861e+00 7.766553140686450085e+00 5.316024517429083971e+03
4.794794794794794868e+00 7.786500953514673640e+00 5.319883473628920910e+03
4.804804804804804874e+00 7.806466643255181026e+00 5.323732552003535602e+03
4.814814814814814881e+00 7.826450192127802907e+00 5.327571794216306444e+03
4.824824824824824887e+00 7.846451582412874437e+00 5.331401241687974107e+03
4.834834834834834894e+00 7.866470796450878211e+00 5.335220935598432334e+03
4.844844844844844900e+00 7.886507816642062352e+00 5.339030916888494176e+03
4.854854854854854906e+00 7.906562625446089676e+00 5.342831226261644588e+03
4.864864864864864913e+00 7.926635205381687754e+00 5.346621904185787571e+03
4.874874874874874919e+00 7.946725539026282981e+00 5.350402990894967843e+03
4.884884884884884926e+00 7.966833609015654183e+00 5.354174526391070685e+03
4.894894894894894932e+00 7.986959398043581793e+00 5.357936550445525427e+03
4.904904904904904939e+00 8.007102888861510337e+00 5.361689102600984370e+03
4.914914914914914945e+00 8.027264064278201161e+00 5.365432222172980801e+03
4.924924924924924952e+00 8.047442907159387815e+00 5.369165948251584268e+03
4.934934934934934958e+00 8.067639400427450980e+00 5.372890319703036766e+03
4.944944944944944965e+00 8.087853527061076520e+00 5.376605375171369815e+03
4.954954954954954971e+00 8.108085270094919750e+00 5.380311153080016084e+03
4.964964964964964977e+00 8.128334612619298127e+00 5.384007691633398281e+03
4.974974974974974984e+00 8.148601537779837756e+00 5.387695028818512583e+03
4.984984984984984990e+00 8.168886028777171404e+00 5.391373202406493874e+03
4.994994994994994997e+00 8.189188068866616987e+00 5.395042249954170074e+03
5.005005005005005003e+00 8.209507641357843610e+00 5.398702208805590999e+03
5.015015015015015010e+00 8.229844729614578469e+00 5.402353116093569952e+03
5.025025025025025016e+00 8.250199317054271120e+00 5.405995008741184392e+03
5.035035035035035023e+00 8.270571387147811038e+00 5.409627923463278421e+03
5.045045045045045029e+00 8.290960923419200768e+00 5.413251896767957078e+03
5.055055055055055035e+00 8.311367909445257496e+00 5.416866964958046083e+03
5.065065065065065042e+00 8.331792328855303964e+00 5.420473164132567035e+03
5.075075075075075048e+00 8.352234165330891358e+00 5.424070530188177145e+03
5.085085085085085055e+00 8.372693402605467128e+00 5.427659098820610780e+03
5.095095095095095061e+00 8.393170024464112089e+00 5.431238905526105555e+03
5.105105105105105068e+00 8.413664014743227781e+00 5.434809985602803863e+03
5.115115115115115074e+00 8.434175357330257583e+00 5.438372374152169868e+03
5.125125125125125081e+00 8.454704036163395386e+00 5.441926106080364661e+03
5.135135135135135087e+00 8.475250035231299606e+00 5.445471216099627782e+03
5.145145145145145094e+00 8.495813338572807183e+00 5.449007738729637822e+03
5.155155155155155100e+00 8.516393930276658253e+00 5.452535708298877580e+03
5.165165165165165106e+00 8.536991794481211926e+00 5.456055158945961011e+03
5.175175175175175113e+00 8.557606915374179835e+00 5.459566124620973824e+03
5.185185185185185119e+00 8.578239277192338363e+00 5.463068639086792246e+03
5.195195195195195126e+00 8.598888864221267525e+00 5.466562735920386331e+03
5.205205205205205132e+00 8.619555660795072072e+00 5.470048448514124175e+03
5.215215215215215139e+00 8.640239651296131029e+00 5.473525810077050664e+03
5.225225225225225145e+00 8.660940820154797493e+00 5.476994853636169864e+03
5.235235235235235152e+00 8.681659151849185463e+00 5.480455612037709216e+03
5.245245245245245158e+00 8.702394630904853656e+00 5.483908117948370091e+03
5.255255255255255165e+00 8.723147241894585235e+00 5.487352403856575620e+03
5.265265265265265171e+00 8.743916969438123132e+00 5.490788502073703057e+03
5.275275275275275177e+00 8.764703798201900042e+00 5.494216444735309778e+03
5.285285285285285184e+00 8.785507712898796839e+00 5.497636263802342000e+03
5.295295295295295190e+00 8.806328698287890333e+00 5.501047991062341680e+03
5.305305305305305197e+00 8.827166739174197474e+00 5.504451658130634314e+03
5.315315315315315203e+00 8.848021820408442650e+00 5.507847296451524926e+03
5.325325325325325210e+00 8.868893926886785906e+00 5.511234937299455851e+03
5.335335335335335216e+00 8.889783043550613328e+00 5.514614611780181804e+03
5.345345345345345223e+00 8.910689155386261717e+00 5.517986350831922209e+03
5.355355355355355229e+00 8.931612247424805417e+00 5.521350185226499889e+03
5.365365365365365236e+00 8.952552304741791644e+00 5.524706145570484296e+03
5.375375375375375242e+00 8.973509312457039755e+00 5.528054262306313831e+03
5.385385385385385248e+00 8.994483255734367688e+00 5.531394565713414522e+03
5.395395395395395255e+00 9.015474119781385909e+00 5.534727085909303241e+03
5.405405405405405261e+00 9.036481889849255822e+00 5.538051852850696378e+03
5.415415415415415268e+00 9.057506551232464176e+00 5.541368896334586680e+03
5.425425425425425274e+00 9.078548089268590360e+00 5.544678245999332830e+03
5.435435435435435281e+00 9.099606489338087911e+00 5.547979931325730831e+03
5.445445445445445287e+00 9.120681736864058919e+00 5.551273981638071746e+03
5.455455455455455294e+00 9.141773817312019546e+00 5.554560426105205806e+03
5.465465465465465300e+00 9.162882716189702847e+00 5.557839293741579240e+03
5.475475475475475307e+00 9.184008419046810090e+00 5.561110613408273821e+03
5.485485485485485313e+00 9.205150911474822450e+00 5.564374413814044601e+03
5.495495495495495319e+00 9.226310179106761211e+00 5.567630723516328544e+03
5.505505505505505326e+00 9.247486207617003018e+00 5.570879570922266794e+03
5.515515515515515332e+00 9.268678982721020532e+00 5.574120984289702392e+03
5.525525525525525339e+00 9.289888490175217228e+00 5.577354991728182540e+03
5.535535535535535345e+00 9.311114715776696471e+00 5.580581621199940855e+03
5.545545545545545352e+00 9.332357645363059007e+00 5.583800900520885079e+03
5.555555555555555358e+00 9.353617264812186249e+00 5.587012857361565693e+03
5.565565565565565365e+00 9.374893560042051988e+00 5.590217519248139070e+03
5.575575575575575371e+00 9.396186517010505668e+00 5.593414913563326991e+03
5.585585585585585378e+00 9.417496121715078772e+00 5.596605067547368890e+03
5.595595595595595384e+00 9.438822360192773431e+00 5.599788008298955901e+03
5.605605605605605390e+00 9.460165218519874131e+00 5.602963762776175827e+03
5.615615615615615397e+00 9.481524682811755866e+00 5.606132357797429904e+03
5.625625625625625403e+00 9.502900739222667426e+00 5.609293820042358675e+03
5.635635635635635410e+00 9.524293373945543095e+00 5.612448176052753297e+03
5.645645645645645416e+00 9.545702573211832132e+00 5.615595452233459582e+03
5.655655655655655423e+00 9.567128323291278491e+00 5.618735674853277487e+03
5.665665665665665429e+00 9.588570610491739643e+00 5.621868870045849690e+03
5.675675675675675436e+00 9.610029421158998275e+00 5.624995063810547435e+03
5.685685685685685442e+00 9.631504741676577552e+00 5.628114282013345473e+03
5.695695695695695449e+00 9.652996558465556376e+00 5.631226550387695170e+03
5.705705705705705455e+00 9.674504857984373984e+00 5.634331894535383981e+03
5.715715715715715461e+00 9.696029626728643436e+00 5.637430339927394016e+03
5.725725725725725468e+00 9.717570851230997064e+00 5.640521911904753324e+03
5.735735735735735474e+00 9.739128518060871542e+00 5.643606635679372630e+03
5.745745745745745481e+00 9.760702613824346230e+00 5.646684536334887525e+03
5.755755755755755487e+00 9.782293125163953107e+00 5.649755638827488838e+03
5.765765765765765494e+00 9.803900038758525781e+00 5.652819967986741176e+03
5.775775775775775500e+00 9.825523341322980997e+00 5.655877548516401475e+03
5.785785785785785507e+00 9.847163019608183632e+00 5.658928404995232995e+03
5.795795795795795513e+00 9.868819060400745968e+00 5.661972561877806584e+03
5.805805805805805520e+00 9.890491450522876704e+00 5.665010043495299215e+03
5.815815815815815526e+00 9.912180176832181999e+00 5.668040874056285247e+03
5.825825825825825532e+00 9.933885226221526921e+00 5.671065077647525868e+03
5.835835835835835539e+00 9.955606585618838267e+00 5.674082678234739433e+03
5.845845845845845545e+00 9.977344241986973117e+00 5.677093699663389089e+03
5.855855855855855552e+00 9.999098182323495010e+00 5.680098165659435836e+03
5.865865865865865558e+00 1.002086839366057802e+01 5.683096099830113417e+03
5.875875875875875565e+00 1.004265486306477584e+01 5.686087525664673194e+03
5.885885885885885571e+00 1.006445757763690807e+01 5.689072466535141757e+03
5.895895895895895578e+00 1.008627652451187728e+01 5.692050945697062161e+03
5.905905905905905584e+00 1.010811169085851091e+01 5.695022986290232438e+03
5.915915915915915591e+00 1.012996306387939782e+01 5.697988611339440467e+03
5.925925925925925597e+00 1.015183063081073556e+01 5.700947843755188842e+03
5.935935935935935603e+00 1.017371437892216512e+01 5.703900706334417009e+03
5.945945945945945610e+00 1.019561429551663245e+01 5.706847221761220680e+03
5.955955955955955616e+00 1.021753036793020186e+01 5.709787412607558508e+03
5.965965965965965623e+00 1.023946258353193528e+01 5.712721301333960582e+03
5.975975975975975629e+00 1.026141092972371283e+01 5.715648910290229651e+03
5.985985985985985636e+00 1.028337539394010136e+01 5.718570261716128698e+03
5.995995995995995642e+00 1.030535596364817685e+01 5.721485377742078526e+03
6.006006006006005649e+00 1.032735262634740891e+01 5.724394280389840787e+03
6.016016016016015655e+00 1.034936536956946718e+01 5.727296991573190098e+03
6.026026026026025662e+00 1.037139418087812892e+01 5.730193533098599801e+03
6.036036036036035668e+00 1.039343904786907835e+01 5.733083926665898616e+03
6.046046046046045674e+00 1.041549995816978580e+01 5.735968193868943672e+03
6.056056056056055681e+00 1.043757689943936384e+01 5.738846356196275337e+03
6.066066066066065687e+00 1.045966985936842164e+01 5.741718435031772970e+03
6.076076076076075694e+00 1.048177882567890862e+01 5.744584451655298835e+03
6.086086086086085700e+00 1.050390378612398834e+01 5.747444427243350219e+03
6.096096096096095707e+00 1.052604472848788575e+01 5.750298382869693341e+03
6.106106106106105713e+00 1.054820164058575571e+01 5.753146339506000913e+03
6.116116116116115720e+00 1.057037451026353381e+01 5.755988318022478779e+03
6.126126126126125726e+00 1.059256332539780665e+01 5.758824339188493468e+03
6.136136136136135732e+00 1.061476807389566090e+01 5.761654423673191559e+03
6.146146146146145739e+00 1.063698874369456426e+01 5.764478592046118138e+03
6.156156156156155745e+00 1.065922532276221979e+01 5.767296864777823430e+03
6.166166166166165752e+00 1.068147779909641670e+01 5.770109262240473981e+03
6.176176176176175758e+00 1.070374616072493090e+01 5.772915804708452015e+03
6.186186186186185765e+00 1.072603039570535799e+01 5.775716512358953878e+03
6.196196196196195771e+00 1.074833049212499247e+01 5.778511405272586671e+03
6.206206206206205778e+00 1.077064643810070521e+01 5.781300503433950325e+03
6.216216216216215784e+00 1.079297822177879596e+01 5.784083826732229682e+03
6.226226226226225791e+00 1.081532583133487613e+01 5.786861394961772021e+03
6.236236236236235797e+00 1.083768925497373381e+01 5.789633227822660047e+03
6.246246246246245803e+00 1.086006848092920585e+01 5.792399344921289412e+03
6.256256256256255810e+00 1.088246349746405528e+01 5.795159765770929880e+03
6.266266266266265816e+00 1.090487429286983456e+01 5.797914509792297395e+03
6.276276276276275823e+00 1.092730085546676833e+01 5.800663596314104325e+03
6.286286286286285829e+00 1.094974317360362903e+01 5.803407044573622443e+03
6.296296296296295836e+00 1.097220123565760375e+01 5.806144873717228620e+03
6.306306306306305842e+00 1.099467503003417868e+01 5.808877102800954162e+03
6.316316316316315849e+00 1.101716454516700594e+01 5.811603750791027778e+03
6.326326326326325855e+00 1.103966976951780232e+01 5.814324836564417637e+03
6.336336336336335862e+00 1.106219069157620183e+01 5.817040378909362516e+03
6.346346346346345868e+00 1.108472729985965799e+01 5.819750396525906581e+03
6.356356356356355874e+00 1.110727958291331241e+01 5.822454908026423254e+03
6.366366366366365881e+00 1.112984752930987398e+01 5.825153931936142726e+03
6.376376376376375887e+00 1.115243112764950872e+01 5.827847486693671271e+03
6.386386386386385894e+00 1.117503036655971549e+01 5.830535590651507846e+03
6.396396396396395900e+00 1.119764523469520867e+01 5.833218262076551582e+03
6.406406406406405907e+00 1.122027572073781343e+01 5.835895519150618384e+03
6.416416416416416801e+00 1.124292181339633956e+01 5.838567379970942966e+03
6.426426426426426808e+00 1.126558350140646247e+01 5.841233862550679078e+03
6.436436436436436814e+00 1.128826077353062374e+01 5.843894984819397905e+03
6.446446446446446821e+00 1.131095361855791204e+01 5.846550764623583746e+03
6.456456456456456827e+00 1.133366202530394595e+01 5.849201219727124226e+03
6.466466466466466834e+00 1.135638598261076027e+01 5.851846367811796881e+03
6.476476476476476840e+00 1.137912547934671537e+01 5.854486226477755736e+03
6.486486486486486847e+00 1.140188050440635159e+01 5.857120813244007877e+03
6.496496496496496853e+00 1.142465104671031284e+01 5.859750145548893670e+03
6.506506506506506859e+00 1.144743709520522934e+01 5.862374240750559693e+03
6.516516516516516866e+00 1.147023863886358441e+01 5.864993116127425310e+03
6.526526526526526872e+00 1.149305566668364342e+01 5.867606788878657426e+03
6.536536536536536879e+00 1.151588816768932411e+01 5.870215276124626143e+03
6.546546546546546885e+00 1.153873613093009354e+01 5.872818594907370425e+03
6.556556556556556892e+00 1.156159954548086866e+01 5.875416762191051930e+03
6.566566566566566898e+00 1.158447840044190258e+01 5.878009794862410672e+03
6.576576576576576905e+00 1.160737268493868868e+01 5.880597709731213399e+03
6.586586586586586911e+00 1.163028238812185222e+01 5.883180523530704704e+03
6.596596596596596918e+00 1.165320749916703846e+01 5.885758252918049038e+03
6.606606606606606924e+00 1.167614800727482915e+01 5.888330914474769997e+03
6.616616616616616930e+00 1.169910390167062531e+01 5.890898524707195065e+03
6.626626626626626937e+00 1.172207517160455481e+01 5.893461100046883985e+03
6.636636636636636943e+00 1.174506180635136232e+01 5.896018656851061678e+03
6.646646646646646950e+00 1.176806379521031687e+01 5.898571211403048437e+03
6.656656656656656956e+00 1.179108112750510706e+01 5.901118779912687387e+03
6.666666666666666963e+00 1.181411379258374872e+01 5.903661378516767400e+03
6.676676676676676969e+00 1.183716177981847650e+01 5.906199023279438734e+03
6.686686686686686976e+00 1.186022507860566044e+01 5.908731730192635951e+03
6.696696696696696982e+00 1.188330367836568513e+01 5.911259515176485365e+03
6.706706706706706989e+00 1.190639756854288400e+01 5.913782394079725236e+03
6.716716716716716995e+00 1.192950673860541855e+01 5.916300382680106850e+03
6.726726726726727001e+00 1.195263117804518949e+01 5.918813496684801066e+03
6.736736736736737008e+00 1.197577087637774618e+01 5.921321751730806682e+03
6.746746746746747014e+00 1.199892582314218892e+01 5.923825163385344240e+03
6.756756756756757021e+00 1.202209600790108190e+01 5.926323747146255300e+03
6.766766766766767027e+00 1.204528142024034132e+01 5.928817518442397159e+03
6.776776776776777034e+00 1.206848204976915895e+01 5.931306492634038477e+03
6.786786786786787040e+00 1.209169788611990803e+01 5.933790685013240363e+03
6.796796796796797047e+00 1.211492891894805446e+01 5.936270110804248361e+03
6.806806806806807053e+00 1.213817513793204661e+01 5.938744785163877168e+03
6.816816816816817060e+00 1.216143653277324077e+01 5.941214723181888075e+03
6.826826826826827066e+00 1.218471309319581941e+01 5.943679939881370046e+03
6.836836836836837072e+00 1.220800480894668461e+01 5.946140450219115337e+03
6.846846846846847079e+00 1.223131166979536566e+01 5.948596269085989661e+03
6.856856856856857085e+00 1.225463366553395339e+01 5.951047411307309631e+03
6.866866866866867092e+00 1.227797078597698821e+01 5.953493891643206553e+03
6.876876876876877098e+00 1.230132302096138730e+01 5.955935724788992047e+03
6.886886886886887105e+00 1.232469036034634158e+01 5.958372925375521845e+03
6.896896896896897111e+00 1.234807279401326952e+01 5.960805507969559585e+03
6.906906906906907118e+00 1.237147031186566437e+01 5.963233487074129698e+03
6.916916916916917124e+00 1.239488290382906754e+01 5.965656877128878477e+03
6.926926926926927131e+00 1.241831055985095311e+01 5.968075692510426052e+03
6.936936936936937137e+00 1.244175326990065678e+01 5.970489947532717451e+03
6.946946946946947143e+00 1.246521102396928704e+01 5.972899656447369125e+03
6.956956956956957150e+00 1.248868381206964173e+01 5.975304833444020005e+03
6.966966966966967156e+00 1.251217162423610674e+01 5.977705492650669839e+03
6.976976976976977163e+00 1.253567445052462048e+01 5.980101648134030256e+03
6.986986986986987169e+00 1.255919228101253005e+01 5.982493313899851273e+03
6.996996996996997176e+00 1.258272510579856629e+01 5.984880503893270543e+03
7.007007007007007182e+00 1.260627291500272129e+01 5.987263231999141681e+03
7.017017017017017189e+00 1.262983569876618972e+01 5.989641512042368049e+03
7.027027027027027195e+00 1.265341344725127470e+01 5.992015357788235633e+03
7.037037037037037202e+00 1.267700615064132386e+01 5.994384782942736820e+03
7.047047047047047208e+00 1.270061379914063160e+01 5.996749801152903274e+03
7.057057057057057214e+00 1.272423638297438053e+01 5.999110426007122442e+03
7.067067067067067221e+00 1.274787389238853486e+01 6.001466671035465879e+03
7.077077077077077227e+00 1.277152631764979240e+01 6.003818549710001207e+03
7.087087087087087234e+00 1.279519364904548162e+01 6.006166075445116803e+03
7.097097097097097240e+00 1.281887587688350472e+01 6.008509261597836485e+03
7.107107107107107247e+00 1.284257299149224174e+01 6.010848121468127829e+03
7.117117117117117253e+00 1.286628498322049197e+01 6.013182668299217767e+03
7.127127127127127260e+00 1.289001184243737974e+01 6.015512915277900902e+03
7.137137137137137266e+00 1.291375355953229764e+01 6.017838875534845101e+03
7.147147147147147273e+00 1.293751012491480701e+01 6.020160562144898904e+03
7.157157157157157279e+00 1.296128152901459529e+01 6.022477988127392564e+03
7.167167167167167285e+00 1.298506776228137127e+01 6.024791166446439092e+03
7.177177177177177292e+00 1.300886881518480820e+01 6.027100110011236211e+03
7.187187187187187298e+00 1.303268467821446208e+01 6.029404831676361027e+03
7.197197197197197305e+00 1.305651534187969887e+01 6.031705344242065621e+03
7.207207207207207311e+00 1.308036079670963225e+01 6.034001660454568992e+03
7.217217217217217318e+00 1.310422103325304022e+01 6.036293793006351734e+03
7.227227227227227324e+00 1.312809604207828507e+01 6.038581754536441622e+03
7.237237237237237331e+00 1.315198581377326548e+01 6.040865557630706462e+03
7.247247247247247337e+00 1.317589033894532768e+01 6.043145214822134221e+03
7.257257257257257343e+00 1.319980960822119265e+01 6.045420738591117697e+03
7.267267267267267350e+00 1.322374361224689565e+01 6.047692141365740099e+03
7.277277277277277356e+00 1.324769234168771881e+01 6.049959435522052445e+03
7.287287287287287363e+00 1.327165578722810046e+01 6.052222633384351866e+03
7.297297297297297369e+00 1.329563393957158723e+01 6.054481747225459003e+03
7.307307307307307376e+00 1.331962678944075762e+01 6.056736789266990854e+03
7.317317317317317382e+00 1.334363432757714740e+01 6.058987771679637262e+03
7.327327327327327389e+00 1.336765654474119458e+01 6.061234706583429215e+03
7.337337337337337395e+00 1.339169343171214521e+01 6.063477606048008056e+03
7.347347347347347402e+00 1.341574497928802501e+01 6.065716482092894694e+03
7.357357357357357408e+00 1.343981117828554162e+01 6.067951346687755176e+03
7.367367367367367414e+00 1.346389201954002601e+01 6.070182211752663534e+03
7.377377377377377421e+00 1.348798749390536678e+01 6.072409089158367351e+03
7.387387387387387427e+00 1.351209759225393903e+01 6.074631990726546064e+03
7.397397397397397434e+00 1.353622230547655114e+01 6.076850928230070167e+03
7.407407407407407440e+00 1.356036162448237015e+01 6.079065913393259507e+03
7.417417417417417447e+00 1.358451554019884888e+01 6.081276957892138853e+03
7.427427427427427453e+00 1.360868404357167805e+01 6.083484073354694374e+03
7.437437437437437460e+00 1.363286712556470803e+01 6.085687271361121020e+03
7.447447447447447466e+00 1.365706477715989564e+01 6.087886563444079002e+03
7.457457457457457473e+00 1.368127698935722769e+01 6.090081961088938442e+03
7.467467467467467479e+00 1.370550375317466418e+01 6.092273475734031308e+03
7.477477477477477485e+00 1.372974505964808323e+01 6.094461118770896974e+03
7.487487487487487492e+00 1.375400089983119756e+01 6.096644901544522327e+03
7.497497497497497498e+00 1.377827126479551012e+01 6.098824835353590970e+03
7.507507507507507505e+00 1.380255614563025013e+01 6.101000931450723328e+03
7.517517517517517511e+00 1.382685553344230733e+01 6.103173201042712208e+03
7.527527527527527518e+00 1.385116941935615920e+01 6.105341655290767449e+03
7.537537537537537524e+00 1.387549779451382115e+01 6.107506305310748758e+03
7.547547547547547531e+00 1.389984065007480041e+01 6.109667162173402176e+03
7.557557557557557537e+00 1.392419797721600183e+01 6.111824236904594727e+03
7.567567567567567544e+00 1.394856976713169949e+01 6.113977540485549980e+03
7.577577577577577550e+00 1.397295601103344076e+01 6.116127083853070872e+03
7.587587587587587556e+00 1.399735670015003741e+01 6.118272877899777086e+03
7.597597597597597563e+00 1.402177182572745195e+01 6.120414933474332429e+03
7.607607607607607569e+00 1.404620137902877985e+01 6.122553261381666744e+03
7.617617617617617576e+00 1.407064535133415895e+01 6.124687872383205104e+03
7.627627627627627582e+00 1.409510373394074456e+01 6.126818777197090640e+03
7.637637637637637589e+00 1.411957651816260650e+01 6.128945986498408274e+03
7.647647647647647595e+00 1.414406369533073082e+01 6.131069510919405730e+03
7.657657657657657602e+00 1.416856525679289547e+01 6.133189361049710897e+03
7.667667667667667608e+00 1.419308119391367384e+01 6.135305547436551933e+03
7.677677677677677615e+00 1.421761149807432290e+01 6.137418080584974632e+03
7.687687687687687621e+00 1.424215616067277423e+01 6.139526970958058882e+03
7.697697697697697627e+00 1.426671517312355242e+01 6.141632228977132399e+03
7.707707707707707634e+00 1.429128852685771101e+01 6.143733865021981728e+03
7.717717717717717640e+00 1.431587621332279880e+01 6.145831889431061427e+03
7.727727727727727647e+00 1.434047822398278882e+01 6.147926312501717803e+03
7.737737737737737653e+00 1.436509455031804094e+01 6.150017144490383544e+03
7.747747747747747660e+00 1.438972518382520249e+01 6.152104395612788721e+03
7.757757757757757666e+00 1.441437011601721707e+01 6.154188076044171794e+03
7.767767767767767673e+00 1.443902933842321623e+01 6.156268195919486971e+03
7.777777777777777679e+00 1.446370284258849281e+01 6.158344765333590658e+03
7.787787787787787686e+00 1.448839062007445300e+01 6.160417794341472472e+03
7.797797797797797692e+00 1.451309266245851504e+01 6.162487292958430771e+03
7.807807807807807698e+00 1.453780896133412170e+01 6.164553271160286386e+03
7.817817817817817705e+00 1.456253950831065147e+01 6.166615738883581798e+03
7.827827827827827711e+00 1.458728429501334567e+01 6.168674706025772139e+03
7.837837837837837718e+00 1.461204331308330495e+01 6.170730182445427090e+03
7.847847847847847724e+00 1.463681655417740402e+01 6.172782177962426431e+03
7.857857857857857731e+00 1.466160400996823832e+01 6.174830702358147391e+03
7.867867867867867737e+00 1.468640567214408854e+01 6.176875765375669289e+03
7.877877877877877744e+00 1.471122153240885488e+01 6.178917376719953609e+03
7.887887887887887750e+00 1.473605158248201441e+01 6.180955546058045002e+03
7.897897897897897757e+00 1.476089581409856422e+01 6.182990283019251365e+03
7.907907907907907763e+00 1.478575421900897879e+01 6.185021597195337563e+03
7.917917917917917769e+00 1.481062678897914608e+01 6.187049498140714604e+03
7.927927927927927776e+00 1.483551351579031596e+01 6.189073995372617901e+03
7.937937937937937782e+00 1.486041439123907715e+01 6.191095098371304630e+03
7.947947947947947789e+00 1.488532940713727903e+01 6.193112816580221079e+03
7.957957957957957795e+00 1.491025855531198019e+01 6.195127159406200917e+03
7.967967967967967802e+00 1.493520182760542880e+01 6.197138136219638909e+03
7.977977977977977808e+00 1.496015921587496855e+01 6.199145756354670993e+03
7.987987987987987815e+00 1.498513071199304392e+01 6.201150029109358002e+03
7.997997997997997821e+00 1.501011630784709894e+01 6.203150963745859372e+03
8.008008008008008716e+00 1.503511599533955767e+01 6.205148569490615955e+03
8.018018018018018722e+00 1.506012976638777978e+01 6.207142855534519185e+03
8.028028028028028729e+00 1.508515761292398594e+01 6.209133831033093884e+03
8.038038038038038735e+00 1.511019952689524359e+01 6.211121505106665609e+03
8.048048048048048742e+00 1.513525550026338173e+01 6.213105886840537096e+03
8.058058058058058748e+00 1.516032552500498198e+01 6.215086985285161063e+03
8.068068068068068754e+00 1.518540959311130045e+01 6.217064809456310286e+03
8.078078078078078761e+00 1.521050769658824287e+01 6.219039368335246763e+03
8.088088088088088767e+00 1.523561982745629706e+01 6.221010670868890884e+03
8.098098098098098774e+00 1.526074597775050812e+01 6.222978725969989682e+03
8.108108108108108780e+00 1.528588613952041619e+01 6.224943542517286005e+03
8.118118118118118787e+00 1.531104030483000500e+01 6.226905129355682220e+03
8.128128128128128793e+00 1.533620846575768404e+01 6.228863495296403926e+03
8.138138138138138800e+00 1.536139061439620868e+01 6.230818649117166387e+03
8.148148148148148806e+00 1.538658674285266414e+01 6.232770599562338248e+03
8.158158158158158813e+00 1.541179684324840338e+01 6.234719355343098869e+03
8.168168168168168819e+00 1.543702090771899194e+01 6.236664925137607497e+03
8.178178178178178825e+00 1.546225892841419025e+01 6.238607317591155152e+03
8.188188188188188832e+00 1.548751089749790211e+01 6.240546541316328330e+03
8.198198198198198838e+00 1.551277680714809470e+01 6.242482604893166354e+03
8.208208208208208845e+00 1.553805664955680754e+01 6.244415516869319617e+03
8.218218218218218851e+00 1.556335041693008137e+01 6.246345285760206025e+03
8.228228228228228858e+00 1.558865810148790310e+01 6.248271920049162873e+03
8.238238238238238864e+00 1.561397969546418629e+01 6.250195428187608741e+03
8.248248248248248871e+00 1.563931519110671609e+01 6.252115818595189921e+03
8.258258258258258877e+00 1.566466458067709411e+01 6.254033099659935033e+03
8.268268268268268884e+00 1.569002785645072784e+01 6.255947279738411453e+03
8.278278278278278890e+00 1.571540501071675422e+01 6.257858367155870837e+03
8.288288288288288896e+00 1.574079603577800945e+01 6.259766370206402826e+03
8.298298298298298903e+00 1.576620092395099526e+01 6.261671297153080559e+03
8.308308308308308909e+00 1.579161966756582736e+01 6.263573156228114385e+03
8.318318318318318916e+00 1.581705225896618572e+01 6.265471955632994650e+03
8.328328328328328922e+00 1.584249869050928794e+01 6.267367703538639944e+03
8.338338338338338929e+00 1.586795895456584127e+01 6.269260408085545350e+03
8.348348348348348935e+00 1.589343304352000708e+01 6.271150077383923417e+03
8.358358358358358942e+00 1.591892094976933691e+01 6.273036719513849675e+03
8.368368368368368948e+00 1.594442266572476008e+01 6.274920342525408159e+03
8.378378378378378954e+00 1.596993818381053210e+01 6.276800954438831468e+03
8.388388388388388961e+00 1.599546749646418320e+01 6.278678563244644465e+03
8.398398398398398967e+00 1.602101059613649170e+01 6.280553176903800704e+03
8.408408408408408974e+00 1.604656747529143246e+01 6.282424803347827947e+03
8.418418418418418980e+00 1.607213812640614847e+01 6.284293450478966406e+03
8.428428428428428987e+00 1.609772254197091002e+01 6.286159126170300624e+03
8.438438438438438993e+00 1.612332071448905069e+01 6.288021838265908627e+03
8.448448448448449000e+00 1.614893263647696742e+01 6.289881594580986530e+03
8.458458458458459006e+00 1.617455830046405296e+01 6.291738402901996778e+03
8.468468468468469013e+00 1.620019769899264617e+01 6.293592270986790936e+03
8.478478478478479019e+00 1.622585082461803552e+01 6.295443206564755201e+03
8.488488488488489025e+00 1.625151766990839164e+01 6.297291217336935915e+03
8.498498498498499032e+00 1.627719822744470690e+01 6.299136310976177811e+03
8.508508508508509038e+00 1.630289248982081318e+01 6.300978495127254064e+03
8.518518518518519045e+00 1.632860044964327884e+01 6.302817777406997266e+03
8.528528528528529051e+00 1.635432209953142646e+01 6.304654165404433115e+03
8.538538538538539058e+00 1.638005743211727250e+01 6.306487666680905022e+03
8.548548548548549064e+00 1.640580644004547750e+01 6.308318288770208710e+03
8.558558558558559071e+00 1.643156911597330705e+01 6.310146039178718638e+03
8.568568568568569077e+00 1.645734545257063530e+01 6.311970925385513510e+03
8.578578578578579084e+00 1.648313544251984908e+01 6.313792954842508152e+03
8.588588588588589090e+00 1.650893907851585851e+01 6.315612134974574474e+03
8.598598598598599096e+00 1.653475635326603310e+01 6.317428473179672437e+03
8.608608608608609103e+00 1.656058725949017685e+01 6.319241976828969200e+03
8.618618618618619109e+00 1.658643178992046430e+01 6.321052653266969173e+03
8.628628628628629116e+00 1.661228993730145476e+01 6.322860509811634074e+03
8.638638638638639122e+00 1.663816169439002479e+01 6.324665553754505709e+03
8.648648648648649129e+00 1.666404705395530783e+01 6.326467792360827843e+03
8.658658658658659135e+00 1.668994600877870838e+01 6.328267232869669897e+03
8.668668668668669142e+00 1.671585855165383094e+01 6.330063882494046084e+03
8.678678678678679148e+00 1.674178467538646586e+01 6.331857748421035467e+03
8.688688688688689155e+00 1.676772437279452888e+01 6.333648837811900194e+03
8.698698698698699161e+00 1.679367763670804692e+01 6.335437157802208276e+03
8.708708708708709167e+00 1.681964445996910129e+01 6.337222715501946368e+03
8.718718718718719174e+00 1.684562483543183831e+01 6.339005517995641640e+03
8.728728728728729180e+00 1.687161875596235916e+01 6.340785572342476371e+03
8.738738738738739187e+00 1.689762621443875901e+01 6.342562885576403460e+03
8.748748748748749193e+00 1.692364720375104881e+01 6.344337464706262836e+03
8.758758758758759200e+00 1.694968171680113045e+01 6.346109316715895147e+03
8.768768768768769206e+00 1.697572974650277189e+01 6.347878448564259998e+03
8.778778778778779213e+00 1.700179128578155741e+01 6.349644867185543262e+03
8.788788788788789219e+00 1.702786632757485563e+01 6.351408579489274416e+03
8.798798798798799226e+00 1.705395486483180179e+01 6.353169592360435672e+03
8.808808808808809232e+00 1.708005689051325149e+01 6.354927912659580215e+03
8.818818818818819238e+00 1.710617239759173813e+01 6.356683547222930429e+03
8.828828828828829245e+00 1.713230137905146222e+01 6.358436502862505222e+03
8.838838838838839251e+00 1.715844382788823808e+01 6.360186786366215529e+03
8.848848848848849258e+00 1.718459973710944411e+01 6.361934404497980722e+03
8.858858858858859264e+00 1.721076909973405833e+01 6.363679363997833207e+03
8.868868868868869271e+00 1.723695190879253758e+01 6.365421671582033014e+03
8.878878878878879277e+00 1.726314815732684593e+01 6.367161333943166028e+03
8.888888888888889284e+00 1.728935783839040496e+01 6.368898357750259493e+03
8.898898898898899290e+00 1.731558094504804401e+01 6.370632749648881145e+03
8.908908908908909297e+00 1.734181747037598242e+01 6.372364516261249264e+03
8.918918918918919303e+00 1.736806740746181532e+01 6.374093664186338174e+03
8.928928928928929309e+00 1.739433074940443547e+01 6.375820199999980105e+03
8.938938938938939316e+00 1.742060748931404035e+01 6.377544130254967058e+03
8.948948948948949322e+00 1.744689762031210023e+01 6.379265461481163584e+03
8.958958958958959329e+00 1.747320113553127996e+01 6.380984200185596819e+03
8.968968968968969335e+00 1.749951802811547807e+01 6.382700352852569267e+03
8.978978978978979342e+00 1.752584829121973797e+01 6.384413925943754293e+03
8.988988988988989348e+00 1.755219191801022305e+01 6.386124925898299807e+03
8.998998998998999355e+00 1.757854890166422024e+01 6.387833359132928308e+03
9.009009009009009361e+00 1.760491923537009384e+01 6.389539232042037838e+03
9.019019019019019368e+00 1.763130291232721092e+01 6.391242550997799299e+03
9.029029029029029374e+00 1.765769992574596969e+01 6.392943322350256494e+03
9.039039039039039380e+00 1.768411026884776405e+01 6.394641552427425268e+03
9.049049049049049387e+00 1.771053393486490535e+01 6.396337247535391725e+03
9.059059059059059393e+00 1.773697091704061890e+01 6.398030413958405916e+03
9.069069069069069400e+00 1.776342120862903684e+01 6.399721057958984602e+03
9.079079079079079406e+00 1.778988480289513063e+01 6.401409185778001302e+03
9.089089089089089413e+00 1.781636169311469686e+01 6.403094803634786331e+03
9.099099099099099419e+00 1.784285187257433591e+01 6.404777917727222302e+03
9.109109109109109426e+00 1.786935533457141290e+01 6.406458534231835074e+03
9.119119119119119432e+00 1.789587207241400435e+01 6.408136659303891975e+03
9.129129129129129439e+00 1.792240207942092312e+01 6.409812299077491843e+03
9.139139139139139445e+00 1.794894534892163307e+01 6.411485459665662347e+03
9.149149149149149451e+00 1.797550187425625978e+01 6.413156147160450018e+03
9.159159159159159458e+00 1.800207164877552657e+01 6.414824367633012116e+03
9.169169169169169464e+00 1.802865466584076515e+01 6.416490127133710303e+03
9.179179179179179471e+00 1.805525091882385169e+01 6.418153431692201593e+03
9.189189189189189477e+00 1.808186040110719262e+01 6.419814287317525668e+03
9.199199199199199484e+00 1.810848310608368550e+01 6.421472699998201279e+03
9.209209209209209490e+00 1.813511902715671553e+01 6.423128675702311739e+03
9.219219219219219497e+00 1.816176815774009867e+01 6.424782220377594058e+03
9.229229229229229503e+00 1.818843049125807454e+01 6.426433339951528978e+03
9.239239239239239510e+00 1.821510602114523891e+01 6.428082040331431926e+03
9.249249249249249516e+00 1.824179474084658636e+01 6.429728327404533957e+03
9.259259259259259522e+00 1.826849664381741079e+01 6.431372207038079068e+03
9.269269269269269529e+00 1.829521172352331604e+01 6.433013685079398783e+03
9.279279279279279535e+00 1.832193997344015912e+01 6.434652767356012191e+03
9.289289289289289542e+00 1.834868138705407503e+01 6.436289459675701437e+03
9.299299299299299548e+00 1.837543595786139150e+01 6.437923767826601761e+03
9.309309309309309555e+00 1.840220367936862544e+01 6.439555697577286082e+03
9.319319319319319561e+00 1.842898454509245809e+01 6.441185254676850491e+03
9.329329329329329568e+00 1.845577854855971722e+01 6.442812444854997921e+03
9.339339339339339574e+00 1.848258568330730611e+01 6.444437273822120005e+03
9.349349349349349581e+00 1.850940594288223906e+01 6.446059747269385298e+03
9.359359359359359587e+00 1.853623932084155967e+01 6.447679870868815669e+03
9.369369369369369593e+00 1.856308581075233732e+01 6.449297650273373620e+03
9.379379379379379600e+00 1.858994540619166358e+01 6.450913091117043223e+03
9.389389389389389606e+00 1.861681810074656696e+01 6.452526199014911981e+03
9.399399399399399613e+00 1.864370388801403777e+01 6.454136979563249952e+03
9.409409409409409619e+00 1.867060276160097843e+01 6.455745438339594330e+03
9.419419419419419626e+00 1.869751471512419627e+01 6.457351580902824935e+03
9.429429429429429632e+00 1.872443974221033258e+01 6.458955412793247888e+03
9.439439439439439639e+00 1.875137783649590162e+01 6.460556939532675642e+03
9.449449449449449645e+00 1.877832899162719116e+01 6.462156166624501566e+03
9.459459459459459651e+00 1.880529320126031934e+01 6.463753099553784523e+03
9.469469469469469658e+00 1.883227045906112096e+01 6.465347743787321633e+03
9.479479479479479664e+00 1.885926075870519369e+01 6.466940104773731036e+03
9.489489489489489671e+00 1.888626409387782701e+01 6.468530187943525561e+03
9.499499499499499677e+00 1.891328045827400217e+01 6.470117998709189123e+03
9.509509509509509684e+00 1.894030984559834607e+01 6.471703542465261307e+03
9.519519519519519690e+00 1.896735224956512056e+01 6.473286824588402851e+03
9.529529529529529697e+00 1.899440766389820467e+01 6.474867850437477500e+03
9.539539539539539703e+00 1.902147608233103426e+01 6.476446625353628406e+03
9.549549549549549710e+00 1.904855749860661973e+01 6.478023154660350883e+03
9.559559559559559716e+00 1.907565190647749986e+01 6.479597443663566992e+03
9.569569569569569722e+00 1.910275929970569919e+01 6.481169497651699203e+03
9.579579579579579729e+00 1.912987967206274575e+01 6.482739321895747707e+03
9.589589589589589735e+00 1.915701301732961070e+01 6.484306921649359538e+03
9.599599599599599742e+00 1.918415932929667989e+01 6.485872302148907693e+03
9.609609609609609748e+00 1.921131860176379291e+01 6.487435468613556623e+03
9.619619619619619755e+00 1.923849082854010106e+01 6.488996426245342263e+03
9.629629629629629761e+00 1.926567600344417386e+01 6.490555180229234793e+03
9.639639639639639768e+00 1.929287412030387472e+01 6.492111735733221394e+03
9.649649649649649774e+00 1.932008517295639294e+01 6.493666097908369011e+03
9.659659659659659781e+00 1.934730915524819039e+01 6.495218271888898016e+03
9.669669669669669787e+00 1.937454606103499799e+01 6.496768262792254973e+03
9.679679679679679793e+00 1.940179588418176593e+01 6.498316075719178116e+03
9.689689689689689800e+00 1.942905861856269212e+01 6.499861715753773751e+03
9.699699699699699806e+00 1.945633425806110139e+01 6.501405187963578101e+03
9.709709709709709813e+00 1.948362279656953788e+01 6.502946497399633699e+03
9.719719719719719819e+00 1.951092422798966552e+01 6.504485649096553971e+03
9.729729729729729826e+00 1.953823854623225742e+01 6.506022648072591437e+03
9.739739739739739832e+00 1.956556574521718517e+01 6.507557499329708662e+03
9.749749749749749839e+00 1.959290581887341176e+01 6.509090207853645552e+03
9.759759759759759845e+00 1.962025876113889211e+01 6.510620778613982111e+03
9.769769769769769852e+00 1.964762456596065476e+01 6.512149216564212111e+03
9.779779779779779858e+00 1.967500322729471662e+01 6.513675526641805845e+03
9.789789789789789864e+00 1.970239473910605099e+01 6.515199713768278343e+03
9.799799799799799871e+00 1.972979909536860532e+01 6.516721782849253941e+03
9.809809809809809877e+00 1.975721629006526214e+01 6.518241738774531768e+03
9.819819819819819884e+00 1.978464631718779643e+01 6.519759586418155777e+03
9.829829829829829890e+00 1.981208917073686493e+01 6.521275330638471132e+03
9.839839839839839897e+00 1.983954484472200619e+01 6.522788976278198788e+03
9.849849849849849903e+00 1.986701333316159079e+01 6.524300528164492789e+03
9.859859859859859910e+00 1.989449463008278940e+01 6.525809991109005750e+03
9.869869869869869916e+00 1.992198872952160826e+01 6.527317369907956163e+03
9.879879879879879923e+00 1.994949562552279687e+01 6.528822669342188419e+03
9.889889889889889929e+00 1.997701531213984794e+01 6.530325894177238297e+03
9.899899899899899935e+00 2.000454778343500806e+01 6.531827049163391166e+03
9.909909909909909942e+00 2.003209303347921733e+01 6.533326139035751112e+03
9.919919919919919948e+00 2.005965105635209866e+01 6.534823168514297322e+03
9.929929929929929955e+00 2.008722184614194717e+01 6.536318142303951390e+03
9.939939939939939961e+00 2.011480539694569103e+01 6.537811065094631886e+03
9.949949949949949968e+00 2.014240170286887732e+01 6.539301941561323474e+03
9.959959959959959974e+00 2.017001075802565779e+01 6.540790776364134217e+03
9.969969969969969981e+00 2.019763255653875333e+01 6.542277574148351050e+03
9.979979979979979987e+00 2.022526709253943977e+01 6.543762339544512542e+03
9.989989989989989994e+00 2.025291436016753721e+01 6.545245077168457101e+03
1.000000000000000000e+01 2.028057435357135319e+01 6.546725791621388453e+03
