1.000000000000000021e-03 3.913939369453431482e+03
1.047370897959449794e-03 4.085185979964233411e+03
1.096985797892384082e-03 4.263428132255397031e+03
1.148951000187308554e-03 4.448891027226755796e+03
1.203377840777589310e-03 4.641800773655469129e+03
1.260382929679727511e-03 4.842385173141201449e+03
1.320088400831418048e-03 5.050873256060980566e+03
1.382622173764656327e-03 5.267492732707392861e+03
1.448118227674533064e-03 5.492465429109395700e+03
1.516716888470922469e-03 5.726010424536015307e+03
1.588565129428052810e-03 5.968344110234324944e+03
1.663816886076128956e-03 6.219679347191755369e+03
1.742633386009650835e-03 6.480219585083252241e+03
1.825183494319042483e-03 6.750149103367863972e+03
1.911644075385701691e-03 7.029640712721895397e+03
2.002200371815584384e-03 7.318856171188655026e+03
2.097046401323232872e-03 7.617944757778971507e+03
2.196385372416547171e-03 7.927036848929098596e+03
2.300430119772916854e-03 8.246234562502359040e+03
2.409403560239524542e-03 8.575618415941333296e+03
2.523539170434765683e-03 8.915246953187306644e+03
2.643081486974105387e-03 9.265154778973230350e+03
2.768286630392066683e-03 9.625343820896312536e+03
2.899422853882875021e-03 9.995771805566299008e+03
3.036771118035457451e-03 1.037636101603155112e+04
3.180625692794119240e-03 1.076699776959080555e+04
3.331294787934673506e-03 1.116753004282231996e+04
3.489101213406773684e-03 1.157775401648688239e+04
3.654383070957254592e-03 1.199739793265720436e+04
3.827494478516311072e-03 1.242613703460633405e+04
4.008806328898464194e-03 1.286359371411782195e+04
4.198707084443909637e-03 1.330933507960442148e+04
4.397603609302721053e-03 1.376285270068955833e+04
4.605922041145103958e-03 1.422354091021768727e+04
4.824108704165368938e-03 1.469072183583447440e+04
5.052631065335679711e-03 1.516364725148289290e+04
5.291978735958441891e-03 1.564149677265113860e+04
5.542664520663107344e-03 1.612333813459821977e+04
5.805225516094895781e-03 1.660809012558252289e+04
6.080224261649427343e-03 1.709457766790088135e+04
6.368249944718586651e-03 1.758153882563157458e+04
6.669919663030121973e-03 1.806762516628423691e+04
6.985879746785249485e-03 1.855134578335243350e+04
7.316807143427191823e-03 1.903102370321406488e+04
7.663410868007462622e-03 1.950487950505191839e+04
8.026433522257174491e-03 1.997104524159382345e+04
8.406652885618325771e-03 2.042756918071216569e+04
8.804883581643463755e-03 2.087230697057029829e+04
9.221978823334321326e-03 2.130285360262195900e+04
9.658832241158708462e-03 2.171671099834798588e+04
1.011637979766207007e-02 2.211131817502776539e+04
1.059560179277615859e-02 2.248406539033939407e+04
1.109752496412072173e-02 2.283215270755855090e+04
1.162322468679852401e-02 2.315252688961876629e+04
1.217382727739661427e-02 2.344211555164648234e+04
1.275051240713013546e-02 2.369787628726997355e+04
1.335451562929898701e-02 2.391682403233210061e+04
1.398713102647238665e-02 2.409579643247108106e+04
1.464971398307285573e-02 2.423138707047560092e+04
1.534368408930012438e-02 2.432033300994388628e+04
1.607052818261639135e-02 2.435959439260173895e+04
1.683180353330956600e-02 2.434640550463302861e+04
1.762914118095948099e-02 2.427819059620652843e+04
1.846424942895543569e-02 2.415258471833881413e+04
1.933891750455231026e-02 2.396766370310563434e+04
2.025501939230667584e-02 2.372201300121210807e+04
2.121451784910629787e-02 2.341479495935141676e+04
2.221946860939523830e-02 2.304624165542278934e+04
2.327202478960408577e-02 2.261773175448610709e+04
2.437444150122220626e-02 2.213125380038726871e+04
2.552908068239517769e-02 2.158936491884528732e+04
2.673841615839946811e-02 2.099525442513064991e+04
2.800503894183630979e-02 2.035483935119671878e+04
2.933166278390043902e-02 1.967658142763733485e+04
3.072112998861757649e-02 1.896880303085105697e+04
3.217641750250736787e-02 1.823943576310805656e+04
3.370064329271928172e-02 1.749609149200490356e+04
3.529707302730650254e-02 1.674947123664299943e+04
3.696912707195028347e-02 1.601252048672716592e+04
3.872038781812554842e-02 1.529639766863924888e+04
4.055460735840829556e-02 1.461039093498290458e+04
4.247571552536898165e-02 1.396210494833073062e+04
4.448782831127585241e-02 1.335781741484753547e+04
4.659525668664682430e-02 1.280257563172446862e+04
4.880251583654431069e-02 1.230013946723604931e+04
5.111433483440168402e-02 1.184912740790307726e+04
5.353566677410724617e-02 1.144424559905118440e+04
5.607169938205457810e-02 1.107704556770074487e+04
5.872786613189483196e-02 1.073511893796352524e+04
6.150985788580501379e-02 1.040271684519269365e+04
6.442363508721372922e-02 1.006208621136998772e+04
6.747544053110693385e-02 9.695191648903464738e+03
7.067181273927491958e-02 9.286397849679460705e+03
7.401959996915644102e-02 8.825539188704138724e+03
7.752597488629460465e-02 8.310746890481443188e+03
8.119844993184012483e-02 7.750467691133150765e+03
8.504489341802677627e-02 7.163555213287927472e+03
8.907354638610440190e-02 6.577142617109669118e+03
9.329304026284686302e-02 6.022151204857485936e+03
9.771241535346496254e-02 5.527201688424140229e+03
1.023411402105452728e-01 5.112631819685223491e+03
1.071891319205127563e-01 4.785531647582568439e+03
1.122667773510813566e-01 4.537122950280162513e+03
1.175849554052156992e-01 4.343007567662627480e+03
1.231550603292826118e-01 4.166979212178434864e+03
1.289890261253308079e-01 3.970210926031351846e+03
1.350993521198026459e-01 3.724852615448760844e+03
1.414991297434576023e-01 3.427160848140204962e+03
1.482020705798858529e-01 3.101010928627566500e+03
1.552225357427048091e-01 2.787889418253760596e+03
1.625755666443794989e-01 2.526965739169753306e+03
1.702769172225899463e-01 2.336125499433235746e+03
1.783430876931909326e-01 2.203000723229943560e+03
1.867913599020782911e-01 2.092227828986215172e+03
1.956398343517064820e-01 1.962952888509888453e+03
2.049074689815848227e-01 1.797149666496987265e+03
2.146141197858403571e-01 1.615051816348884586e+03
2.247805833548725263e-01 1.453223998507474562e+03
2.354286414322417920e-01 1.333111394069427433e+03
2.465811075822604004e-01 1.245829610381576003e+03
2.582618760682677261e-01 1.161303832236191056e+03
2.704959730463134537e-01 1.060454583496034047e+03
2.833096101839324144e-01 9.541130658219934730e+02
2.967302408188869367e-01 8.657116478151475576e+02
3.107866187782014067e-01 7.984452711741330404e+02
3.255088599835059826e-01 7.356414846646638352e+02
3.409285069746810781e-01 6.674837373676207335e+02
3.570785964900462517e-01 6.033621962561460350e+02
3.739937302478797965e-01 5.510976138391755512e+02
3.917101490809260511e-01 5.039249577306371179e+02
4.102658105827194368e-01 4.567530201507271954e+02
4.297004704320839252e-01 4.139406350485514849e+02
4.500557675700497251e-01 3.767880720891320152e+02
4.713753134116723809e-01 3.418843612712935283e+02
4.937047852839003825e-01 3.094185811626375084e+02
5.170920242896760444e-01 2.806920328871868833e+02
5.415871378079470944e-01 2.541081742832498378e+02
5.672426068491978057e-01 2.298369838610565239e+02
5.941133984965033532e-01 2.079444956733990182e+02
6.222570836730231258e-01 1.878809424578615506e+02
6.517339604882427251e-01 1.697337190666463300e+02
6.826071834272385841e-01 1.532198940045053632e+02
7.149428986597576863e-01 1.382333367111673113e+02
7.488103857590022727e-01 1.246625831823034218e+02
7.842822061337682005e-01 1.123593969303635589e+02
8.214343584919430175e-01 1.012141208875461871e+02
8.603464416684500904e-01 9.112839612223584140e+01
9.011018251665018353e-01 8.200747918263759573e+01
9.437878277775381131e-01 7.376390970129558866e+01
9.884959046625586554e-01 6.631760729827402656e+01
1.035321843295662569e+00 5.959530134673602220e+01
1.084365968689610771e+00 5.352999940438156301e+01
1.135733358343105071e+00 4.806051486918114790e+01
1.189534067370319637e+00 4.313101419678547899e+01
1.245883364295008233e+00 3.869056922526947773e+01
1.304901978014402886e+00 3.469276322539884916e+01
1.366716356462007287e+00 3.109532241247433859e+01
1.431458937523478525e+00 2.785975939381419053e+01
1.499268432786045491e+00 2.495108093901682977e+01
1.570290124729377457e+00 2.233750464350774934e+01
1.644676177994664368e+00 1.999018505286659675e+01
1.722585965398787389e+00 1.788295801220941073e+01
1.804186409392071866e+00 1.599209770743635595e+01
1.889652339691209715e+00 1.429611629339314405e+01
1.979166867853557443e+00 1.277557026499445847e+01
2.072921779595371827e+00 1.141287674184776257e+01
2.171117945694505114e+00 1.019214434694018045e+01
2.273965752357927528e+00 9.099016797129683809e+00
2.381685551976158166e+00 8.120534943159688268e+00
2.494508135230316448e+00 7.245008402651163415e+00
2.612675225563329207e+00 6.461897104907880163e+00
2.736439997074672004e+00 5.761702228693580174e+00
2.866067616948250407e+00 5.135864873710615619e+00
3.001835813575588929e+00 4.576681080558318016e+00
3.144035471591500208e+00 4.077221155159705290e+00
3.292971255097151495e+00 3.631254763153016540e+00
3.448962260405759928e+00 3.233182911908317969e+00
3.612342699709430338e+00 2.877976219139382952e+00
3.783462617131928774e+00 2.561119023545314732e+00
3.962688638701478361e+00 2.278558702089775956e+00
4.150404757850476578e+00 2.026659757707120146e+00
4.347013158125026422e+00 1.802161911171232811e+00
4.552935074866947929e+00 1.602141721998594059e+00
4.768611697714469244e+00 1.423980176157612743e+00
4.994505115855139898e+00 1.265332242269760821e+00
5.231099308056263553e+00 1.124098976440316200e+00
5.478901179593944626e+00 9.984023830580106562e-01
5.738441648302393006e+00 8.865627715632925510e-01
6.010276782070381962e+00 7.870783139285810748e-01
6.294988990221887626e+00 6.986066684612961541e-01
6.593188271333548123e+00 6.199484531413425037e-01
6.905513520162330998e+00 5.500323045096423558e-01
7.232633896483533498e+00 4.879013834977558584e-01
7.575250258771912826e+00 4.327016617097053097e-01
7.934096665797492065e+00 3.836711666984600200e-01
8.309941949353396140e+00 3.401302622228554173e-01
8.703591361485166544e+00 3.014728790788411827e-01
9.115888299750828594e+00 2.671586230537517648e-01
9.547716114208055771e+00 2.367059515661078806e-01
1.000000000000000000e+01 2.096859116644236298e-01
