# spectrum_type, zbin0, zbin1, separation, value
c_dk 0 0 0.000000000000000000e+00 0.000000000000000000e+00
c_dk 0 0 8.899641653093008295e-03 2.326534831730768929e+04
c_dk 0 0 1.539332528288165670e-02 2.784956464120369856e+04
c_dk 0 0 2.155046762996598239e-02 2.686557521929824361e+04
c_dk 0 0 2.783660762585126597e-02 2.291048304843304504e+04
c_dk 0 0 3.439928854529101382e-02 1.947645556891025990e+04
c_dk 0 0 4.083988908678293228e-02 1.687984296874999927e+04
c_dk 0 0 4.696089820801348236e-02 1.460582685990338541e+04
c_dk 0 0 5.319831544433587661e-02 1.283842433035714021e+04
c_dk 0 0 5.953007160048735813e-02 1.187483488304093589e+04
c_dk 0 0 6.593106050382960270e-02 1.093496918414918218e+04
c_dk 0 0 7.211112823241795644e-02 1.021065514957264531e+04
c_dk 0 0 7.840743265709380905e-02 8.923269253438113083e+03
c_dk 0 0 8.486374147573563786e-02 8.027863250782806062e+03
c_dk 0 0 9.105720993371453631e-02 6.884668125165737365e+03
c_dk 0 0 9.723119438183111529e-02 6.364863540983605162e+03
c_dk 0 0 1.035474523099094157e-01 5.556101638050127804e+03
c_dk 0 0 1.098380096325790867e-01 5.135763233779608527e+03
c_dk 0 0 1.160878800454857029e-01 4.887037874487542467e+03
c_dk 0 0 1.223769048302436324e-01 4.609478309078308484e+03
c_dk 0 0 1.287591547856025143e-01 4.277587884401630618e+03
c_dk 0 0 1.350589943281513827e-01 4.036970738270737456e+03
c_dk 0 0 1.412290290659165837e-01 3.847537855090967241e+03
c_dk 0 0 1.475161690700088069e-01 3.441292830009495901e+03
c_dk 0 0 1.537996369822966225e-01 3.201222062804547477e+03
c_dk 0 0 1.601026478659483554e-01 2.960803533062783572e+03
c_dk 0 0 1.664508001660549019e-01 2.808966544817607428e+03
c_dk 0 0 1.727583237560037233e-01 2.668886310138344925e+03
c_dk 0 0 1.790245845132147351e-01 2.468934335485606880e+03
c_dk 0 0 1.852702546080971790e-01 2.430175478166726862e+03
c_dk 0 0 1.914887492119529966e-01 2.312986272780717172e+03
c_dk 0 0 1.977904085892937536e-01 2.135704747727985250e+03
c_dk 0 0 2.041115446406587541e-01 2.071871310770476157e+03
c_dk 0 0 2.104256850836569714e-01 1.921084860818712968e+03
c_dk 0 0 2.167058561960866769e-01 1.801547069671209783e+03
c_dk 0 0 2.229761248051159717e-01 1.710928747062773027e+03
c_dk 0 0 2.292828550697881274e-01 1.638980810853822959e+03
c_dk 0 0 2.355310205895554676e-01 1.559987346067330236e+03
c_dk 0 0 2.418144967727207939e-01 1.517856686243103695e+03
c_dk 0 0 2.481043196360692704e-01 1.412657625328016593e+03
c_dk 0 0 2.543667409246888611e-01 1.354175883271520661e+03
c_dk 0 0 2.606678092543103231e-01 1.332556060883917098e+03
c_dk 0 0 2.669430136113040697e-01 1.257766906944320908e+03
c_dk 0 0 2.732519464783976226e-01 1.191123110300417011e+03
c_dk 0 0 2.795627339315375770e-01 1.137124702717245327e+03
c_dk 0 0 2.858373502475139438e-01 1.102683563783479713e+03
c_dk 0 0 2.920953075698756729e-01 1.052506159609039742e+03
c_dk 0 0 2.983525092968341563e-01 1.020356465982088366e+03
c_dk 0 0 3.046702740008471189e-01 9.709870360396748765e+02
c_dk 0 0 3.109590627528140416e-01 9.332420394608320748e+02
c_dk 0 0 3.172239916515500191e-01 9.044897917320774923e+02
c_dk 0 0 3.235299724572279767e-01 8.665006137390721506e+02
c_dk 0 0 3.298388395071043533e-01 8.357547474044426963e+02
c_dk 0 0 3.361383844359337458e-01 8.038278001730263895e+02
c_dk 0 0 3.423877713306480719e-01 7.626797949555436844e+02
c_dk 0 0 3.486623155692267217e-01 7.547283495477043971e+02
c_dk 0 0 3.549448882949312045e-01 7.276084216163743577e+02
c_dk 0 0 3.611996781549324798e-01 7.003312185686652356e+02
c_dk 0 0 3.674875026172954029e-01 6.757520282350038769e+02
c_dk 0 0 3.737698636248200090e-01 6.612720977934634448e+02
c_dk 0 0 3.800714314497639634e-01 6.291915434891903942e+02
c_dk 0 0 3.863585763589229560e-01 6.153992624869559904e+02
c_dk 0 0 3.926354401118986037e-01 5.947124657050497945e+02
c_dk 0 0 3.989457585494922132e-01 5.676251605507575277e+02
c_dk 0 0 4.052156663313305485e-01 5.548876984435295299e+02
c_dk 0 0 4.115034152883392804e-01 5.372774721796090489e+02
c_dk 0 0 4.177905076349040514e-01 5.275424692348849476e+02
c_dk 0 0 4.240487051047501788e-01 5.047976651573205231e+02
c_dk 0 0 4.303463415118498614e-01 4.904696279756871604e+02
c_dk 0 0 4.366358695421740932e-01 4.753322904634608221e+02
c_dk 0 0 4.429029287921816826e-01 4.617752502703455093e+02
c_dk 0 0 4.491680252572889942e-01 4.475099200149971352e+02
c_dk 0 0 4.554486850820457788e-01 4.396746542708900165e+02
c_dk 0 0 4.617725565885423267e-01 4.209002555984781111e+02
c_dk 0 0 4.680757412093953795e-01 4.136818450746296776e+02
c_dk 0 0 4.743564916629640638e-01 4.086098922344017979e+02
c_dk 0 0 4.806425428564732871e-01 3.862666466329735613e+02
c_dk 0 0 4.869129233098823395e-01 3.802577058745525278e+02
c_dk 0 0 4.931745196394184405e-01 3.721837876155156550e+02
c_dk 0 0 4.994506890543656263e-01 3.592074800601766356e+02
c_dk 0 0 5.057241638978529075e-01 3.520778953151779547e+02
c_dk 0 0 5.120042719980517631e-01 3.459477940589634386e+02
c_dk 0 0 5.183192340646139984e-01 3.355627074343865388e+02
c_dk 0 0 5.246161892892522438e-01 3.269214532476149770e+02
c_dk 0 0 5.308869673046785476e-01 3.209956254664875814e+02
c_dk 0 0 5.371637224096752483e-01 3.073072415387727574e+02
c_dk 0 0 5.434652729571635144e-01 3.046771224592523595e+02
c_dk 0 0 5.497524178004593587e-01 2.955574296688466802e+02
c_dk 0 0 5.559970921381958142e-01 2.936967128609572910e+02
c_dk 0 0 5.622866379023159222e-01 2.839675094147183358e+02
c_dk 0 0 5.686033203527380842e-01 2.778122901515445733e+02
c_dk 0 0 5.748823709563090079e-01 2.707897414390199060e+02
c_dk 0 0 5.811585199734176088e-01 2.649606111255556016e+02
c_dk 0 0 5.874446517276211699e-01 2.578269680185596826e+02
c_dk 0 0 5.937246335834056588e-01 2.541665352059056602e+02
c_dk 0 0 6.000023445208265693e-01 2.488190518554698940e+02
c_dk 0 0 6.062700655927123483e-01 2.427821470753494566e+02
c_dk 0 0 6.125564878198721530e-01 2.351325778864114113e+02
c_dk 0 0 6.188675697062213654e-01 2.319291019592425016e+02
c_dk 0 0 6.251436203714340056e-01 2.275902716853739207e+02
c_dk 0 0 6.314092032308914471e-01 2.231631571745115252e+02
c_dk 0 0 6.377070744462735030e-01 2.190219364195917535e+02
c_dk 0 0 6.439915699782213787e-01 2.133319793044385619e+02
c_dk 0 0 6.502746657481665027e-01 2.102787563641032307e+02
c_dk 0 0 6.565654463687421449e-01 2.061300812178301101e+02
c_dk 0 0 6.628457378217490481e-01 2.020472144747193113e+02
c_dk 0 0 6.691273712706959920e-01 1.976563130319049435e+02
c_dk 0 0 6.754135024521100705e-01 1.939053005584346181e+02
c_dk 0 0 6.816942288653291548e-01 1.902004204539269381e+02
c_dk 0 0 6.879707219643064198e-01 1.882012067939990629e+02
c_dk 0 0 6.942401964891569133e-01 1.821127004796605036e+02
c_dk 0 0 7.005213539313046578e-01 1.796872718802278541e+02
c_dk 0 0 7.068163049835881617e-01 1.754159343568025520e+02
c_dk 0 0 7.131046379544038194e-01 1.726830302581690262e+02
c_dk 0 0 7.193979933183044517e-01 1.713602123460974553e+02
c_dk 0 0 7.256912769458278012e-01 1.669556349395674033e+02
c_dk 0 0 7.319732112087881104e-01 1.639027445689368676e+02
c_dk 0 0 7.382575498732680819e-01 1.620971505933863455e+02
c_dk 0 0 7.445309219837563663e-01 1.584327684258848024e+02
c_dk 0 0 7.507908721544984676e-01 1.566880085772679934e+02
c_dk 0 0 7.570762748651901353e-01 1.548337702153751820e+02
c_dk 0 0 7.633652442780797243e-01 1.522414239621578815e+02
c_dk 0 0 7.696523768503739094e-01 1.484595083666833091e+02
c_dk 0 0 7.759443911184177312e-01 1.464365270789148781e+02
c_dk 0 0 7.822388793759307291e-01 1.436456438732987522e+02
c_dk 0 0 7.885422505712965657e-01 1.426634573436133735e+02
c_dk 0 0 7.947958170677573708e-01 1.401818209322495647e+02
c_dk 0 0 8.010501857211035359e-01 1.378824009938017525e+02
c_dk 0 0 8.073371699120777123e-01 1.352807103313011510e+02
c_dk 0 0 8.136256953004623593e-01 1.335066758669363480e+02
c_dk 0 0 8.199185768310989220e-01 1.323003122874666815e+02
c_dk 0 0 8.261975950269245805e-01 1.290465738636538049e+02
c_dk 0 0 8.324916626456120294e-01 1.275619545458656034e+02
c_dk 0 0 8.387980487119468531e-01 1.261407663059893736e+02
c_dk 0 0 8.450681625339854230e-01 1.236921860115613327e+02
c_dk 0 0 8.513326310877129544e-01 1.217660446522636448e+02
c_dk 0 0 8.576229699198910650e-01 1.195581105230111660e+02
c_dk 0 0 8.639079722665760075e-01 1.179971375768980977e+02
c_dk 0 0 8.701845317394016899e-01 1.174540391272755073e+02
c_dk 0 0 8.764647451447489246e-01 1.155402895008107151e+02
c_dk 0 0 8.827524554796379874e-01 1.134102826029344584e+02
c_dk 0 0 8.890360933084631156e-01 1.122025698246844172e+02
c_dk 0 0 8.953122302139767674e-01 1.099253549897341458e+02
c_dk 0 0 9.015989135410911182e-01 1.086807347766905423e+02
c_dk 0 0 9.078856597069530077e-01 1.072358559054596441e+02
c_dk 0 0 9.141777176955673267e-01 1.053873655412083252e+02
c_dk 0 0 9.204705311210197305e-01 1.037844672813277924e+02
c_dk 0 0 9.267502199878263625e-01 1.032966250088258278e+02
c_dk 0 0 9.330346272813238029e-01 1.017050048264523241e+02
c_dk 0 0 9.393297286529698198e-01 1.006680242140484296e+02
c_dk 0 0 9.456020466528652912e-01 9.885346727674330225e+01
c_dk 0 0 9.518687891863797379e-01 9.774434332161908401e+01
c_dk 0 0 9.581418737840891042e-01 9.680028946277630553e+01
c_dk 0 0 9.644369887048810375e-01 9.563173050928874375e+01
c_dk 0 0 9.707375181351720617e-01 9.438639828686153521e+01
c_dk 0 0 9.770097663529486720e-01 9.243024660059921871e+01
c_dk 0 0 9.832835755838400527e-01 9.093204796394446987e+01
c_dk 0 0 9.895569992810110405e-01 9.123481496211999797e+01
c_dk 0 0 9.958480710782616763e-01 8.960219391097547259e+01
c_dk 0 0 1.002138575493429995e+00 8.822383239106527242e+01
c_dk 0 0 1.008406592376542843e+00 8.778177407919569930e+01
c_dk 0 0 1.014697842972237973e+00 8.667930573855598197e+01
c_dk 0 0 1.020995892874764666e+00 8.538221883583098304e+01
c_dk 0 0 1.027276368069287793e+00 8.452856671457337256e+01
c_dk 0 0 1.033563189136701643e+00 8.276357229780758473e+01
c_dk 0 0 1.039851148620366539e+00 8.215628186731576932e+01
c_dk 0 0 1.046127943161246687e+00 8.132736749350644345e+01
c_dk 0 0 1.052404895272092133e+00 8.104244142935581863e+01
c_dk 0 0 1.058683000430492127e+00 8.006155248312823858e+01
c_dk 0 0 1.064967127327474117e+00 7.853979534808472351e+01
c_dk 0 0 1.071258688161570438e+00 7.769512076156236446e+01
c_dk 0 0 1.077544330604543799e+00 7.716641600622777730e+01
c_dk 0 0 1.083828423436568711e+00 7.610749620296491003e+01
c_dk 0 0 1.090113342297217791e+00 7.509883861635884728e+01
c_dk 0 0 1.096393171946581147e+00 7.504353994440003817e+01
c_dk 0 0 1.102683425690332397e+00 7.380191319575251896e+01
c_dk 0 0 1.108964675464843452e+00 7.263252633088808352e+01
c_dk 0 0 1.115226705913353378e+00 7.186211491409493135e+01
c_dk 0 0 1.121503167812783808e+00 7.188395043234382342e+01
c_dk 0 0 1.127793382225193985e+00 7.058881992065367683e+01
c_dk 0 0 1.134092036465484288e+00 6.936100879246659190e+01
c_dk 0 0 1.140366923395659482e+00 6.899370700851217464e+01
c_dk 0 0 1.146641931784804447e+00 6.833382257307988539e+01
c_dk 0 0 1.152944617322677390e+00 6.756045502839806716e+01
c_dk 0 0 1.159230356871362666e+00 6.658070256864647263e+01
c_dk 0 0 1.165510994903905084e+00 6.559114559280808976e+01
c_dk 0 0 1.171794297100004156e+00 6.533146862976987279e+01
c_dk 0 0 1.178088255559602393e+00 6.472625897067716494e+01
c_dk 0 0 1.184371772446566995e+00 6.419685544512803688e+01
c_dk 0 0 1.190639487122887363e+00 6.320344337319899353e+01
c_dk 0 0 1.196916336380001056e+00 6.287876690210723041e+01
c_dk 0 0 1.203204375371396573e+00 6.251512654849815931e+01
c_dk 0 0 1.209488225901738323e+00 6.181342913647629445e+01
c_dk 0 0 1.215765679709200020e+00 6.119637386060743012e+01
c_dk 0 0 1.222058041744503942e+00 6.010548983159433334e+01
c_dk 0 0 1.228350115998196657e+00 5.997531460728666985e+01
c_dk 0 0 1.234637679107109420e+00 5.940455538123025292e+01
c_dk 0 0 1.240908145406735441e+00 5.826345325019828891e+01
c_dk 0 0 1.247180835746598104e+00 5.805714786914862913e+01
c_dk 0 0 1.253468531500335770e+00 5.772602128348789563e+01
c_dk 0 0 1.259751636995439350e+00 5.702058108662962610e+01
c_dk 0 0 1.266035077425267108e+00 5.658056918112195888e+01
c_dk 0 0 1.272321570618527797e+00 5.590762565507769466e+01
c_dk 0 0 1.278608208280544778e+00 5.548028490880081876e+01
c_dk 0 0 1.284887298154571367e+00 5.469085060985318592e+01
c_dk 0 0 1.291176964274221017e+00 5.435573890035574607e+01
c_dk 0 0 1.297469848393144831e+00 5.402004772882640538e+01
c_dk 0 0 1.303745183221867832e+00 5.298841257277281613e+01
c_dk 0 0 1.310019952103037566e+00 5.271727829811152333e+01
c_dk 0 0 1.316304889985511428e+00 5.173538575569149600e+01
c_dk 0 0 1.322589692250816240e+00 5.207216508926998699e+01
c_dk 0 0 1.328868076233011619e+00 5.131412290730958858e+01
c_dk 0 0 1.335146302472670188e+00 5.115190772221691873e+01
c_dk 0 0 1.341442338921303268e+00 5.033765293973213062e+01
c_dk 0 0 1.347732504022160827e+00 4.972839845078536314e+01
c_dk 0 0 1.354002360904259961e+00 4.934425951525837917e+01
c_dk 0 0 1.360285090555885645e+00 4.887447417300599284e+01
c_dk 0 0 1.366569991348876023e+00 4.886487454351897242e+01
c_dk 0 0 1.372854357884312648e+00 4.814689109345681572e+01
c_dk 0 0 1.379136732473180915e+00 4.771938376036670348e+01
c_dk 0 0 1.385410660878153122e+00 4.735033275927173690e+01
c_dk 0 0 1.391699780091347760e+00 4.674360696074464272e+01
c_dk 0 0 1.397986514487977949e+00 4.693640202512416693e+01
c_dk 0 0 1.404269431125305445e+00 4.640161757018818633e+01
c_dk 0 0 1.410558481592738334e+00 4.580743182316158624e+01
c_dk 0 0 1.416841921169897933e+00 4.534740903470696338e+01
c_dk 0 0 1.423120638450376285e+00 4.472237947287478477e+01
c_dk 0 0 1.429399525711986918e+00 4.455989619925651368e+01
c_dk 0 0 1.435687195920436032e+00 4.403343107013149194e+01
c_dk 0 0 1.441978909597384506e+00 4.402122232698814486e+01
c_dk 0 0 1.448256353182435952e+00 4.357586875896731726e+01
c_dk 0 0 1.454533979889224504e+00 4.304646262496886067e+01
c_dk 0 0 1.460823291195719742e+00 4.292066562708407673e+01
c_dk 0 0 1.467115297699349785e+00 4.235842630914213913e+01
c_dk 0 0 1.473396431849603117e+00 4.244733048541286990e+01
c_dk 0 0 1.479672187129404293e+00 4.181015414280303588e+01
c_dk 0 0 1.485957336950811003e+00 4.155472337890159906e+01
c_dk 0 0 1.492235428844137068e+00 4.120609221406588318e+01
c_dk 0 0 1.498505563158792242e+00 4.081540080894386335e+01
c_dk 0 0 1.504788033368229971e+00 4.085948626716431420e+01
c_dk 0 0 1.511077562324459223e+00 4.015970846508962921e+01
c_dk 0 0 1.517363063341846008e+00 4.012055914986545702e+01
c_dk 0 0 1.523653270341324806e+00 3.944734893224823935e+01
c_dk 0 0 1.529942912799504340e+00 3.943559851015215401e+01
c_dk 0 0 1.536231829420274808e+00 3.910004334218790234e+01
c_dk 0 0 1.542513327069792606e+00 3.877310837823704759e+01
c_dk 0 0 1.548785556440221534e+00 3.874421225395375501e+01
c_dk 0 0 1.555073465503286512e+00 3.814248901862951158e+01
c_dk 0 0 1.561358245907146003e+00 3.842508370030375175e+01
c_dk 0 0 1.567631451431686029e+00 3.768401428068947467e+01
c_dk 0 0 1.573918013544226335e+00 3.759966555127424215e+01
c_dk 0 0 1.580207648268701970e+00 3.710511190084832123e+01
c_dk 0 0 1.586489494063065386e+00 3.704891914137803610e+01
c_dk 0 0 1.592763080732128689e+00 3.692978692943190566e+01
c_dk 0 0 1.599049662621118140e+00 3.633833541376019127e+01
c_dk 0 0 1.605345053337696948e+00 3.641411753513344962e+01
c_dd 0 0 0.000000000000000000e+00 0.000000000000000000e+00
c_dd 0 0 8.899641653093008295e-03 4.923833413461539749e+04
c_dd 0 0 1.539332528288165670e-02 5.999375150462963211e+04
c_dd 0 0 2.155046762996598239e-02 5.757118947368422232e+04
c_dd 0 0 2.783660762585126597e-02 4.901734715099715686e+04
c_dd 0 0 3.439928854529101382e-02 4.234084358974359202e+04
c_dd 0 0 4.083988908678293228e-02 3.690387330729166570e+04
c_dd 0 0 4.696089820801348236e-02 3.188413478260870033e+04
c_dd 0 0 5.319831544433587661e-02 2.809450721726190386e+04
c_dd 0 0 5.953007160048735813e-02 2.614582450292398062e+04
c_dd 0 0 6.593106050382960270e-02 2.401724801864800975e+04
c_dd 0 0 7.211112823241795644e-02 2.263929581196581785e+04
c_dd 0 0 7.840743265709380905e-02 1.988364538310412172e+04
c_dd 0 0 8.486374147573563786e-02 1.827634198690577978e+04
c_dd 0 0 9.105720993371453631e-02 1.573448581278175880e+04
c_dd 0 0 9.723119438183111529e-02 1.487261202185792354e+04
c_dd 0 0 1.035474523099094157e-01 1.316461527531083084e+04
c_dd 0 0 1.098380096325790867e-01 1.216672423618262656e+04
c_dd 0 0 1.160878800454857029e-01 1.164165351624093091e+04
c_dd 0 0 1.223769048302436324e-01 1.103496177408177391e+04
c_dd 0 0 1.287591547856025143e-01 1.034743588983574227e+04
c_dd 0 0 1.350589943281513827e-01 9.858877898677897974e+03
c_dd 0 0 1.412290290659165837e-01 9.474528651984255703e+03
c_dd 0 0 1.475161690700088069e-01 8.600991509971510823e+03
c_dd 0 0 1.537996369822966225e-01 8.173966287673704755e+03
c_dd 0 0 1.601026478659483554e-01 7.663568998169810584e+03
c_dd 0 0 1.664508001660549019e-01 7.393481242860405473e+03
c_dd 0 0 1.727583237560037233e-01 7.081075504164084123e+03
c_dd 0 0 1.790245845132147351e-01 6.645209564164647418e+03
c_dd 0 0 1.852702546080971790e-01 6.519823794057499981e+03
c_dd 0 0 1.914887492119529966e-01 6.289997460317462355e+03
c_dd 0 0 1.977904085892937536e-01 5.916327086597722882e+03
c_dd 0 0 2.041115446406587541e-01 5.786970101684627480e+03
c_dd 0 0 2.104256850836569714e-01 5.450919092397660279e+03
c_dd 0 0 2.167058561960866769e-01 5.233486870867627658e+03
c_dd 0 0 2.229761248051159717e-01 5.030737227257469385e+03
c_dd 0 0 2.292828550697881274e-01 4.871119057849924502e+03
c_dd 0 0 2.355310205895554676e-01 4.701273399672118103e+03
c_dd 0 0 2.418144967727207939e-01 4.606901313400961953e+03
c_dd 0 0 2.481043196360692704e-01 4.392687264424224850e+03
c_dd 0 0 2.543667409246888611e-01 4.270494983408159896e+03
c_dd 0 0 2.606678092543103231e-01 4.218009768323247954e+03
c_dd 0 0 2.669430136113040697e-01 4.071265284328557300e+03
c_dd 0 0 2.732519464783976226e-01 3.926874985490424024e+03
c_dd 0 0 2.795627339315375770e-01 3.798483239171375772e+03
c_dd 0 0 2.858373502475139438e-01 3.740329728068827535e+03
c_dd 0 0 2.920953075698756729e-01 3.638977619012180185e+03
c_dd 0 0 2.983525092968341563e-01 3.566550654100436077e+03
c_dd 0 0 3.046702740008471189e-01 3.466205403707193454e+03
c_dd 0 0 3.109590627528140416e-01 3.383694358707211450e+03
c_dd 0 0 3.172239916515500191e-01 3.318860391418105337e+03
c_dd 0 0 3.235299724572279767e-01 3.242438387306850018e+03
c_dd 0 0 3.298388395071043533e-01 3.170371579374746489e+03
c_dd 0 0 3.361383844359337458e-01 3.120703009553261381e+03
c_dd 0 0 3.423877713306480719e-01 3.042475013609145208e+03
c_dd 0 0 3.486623155692267217e-01 3.008024584400068306e+03
c_dd 0 0 3.549448882949312045e-01 2.954022654014157979e+03
c_dd 0 0 3.611996781549324798e-01 2.911329871050934798e+03
c_dd 0 0 3.674875026172954029e-01 2.852101269958694957e+03
c_dd 0 0 3.737698636248200090e-01 2.823276998024222394e+03
c_dd 0 0 3.800714314497639634e-01 2.753879681103210260e+03
c_dd 0 0 3.863585763589229560e-01 2.723520523450940800e+03
c_dd 0 0 3.926354401118986037e-01 2.683683171705647055e+03
c_dd 0 0 3.989457585494922132e-01 2.638850985449476866e+03
c_dd 0 0 4.052156663313305485e-01 2.609227218812317005e+03
c_dd 0 0 4.115034152883392804e-01 2.572047600262985725e+03
c_dd 0 0 4.177905076349040514e-01 2.550408015954082657e+03
c_dd 0 0 4.240487051047501788e-01 2.504503991640543518e+03
c_dd 0 0 4.303463415118498614e-01 2.477965515297089496e+03
c_dd 0 0 4.366358695421740932e-01 2.444631750327272584e+03
c_dd 0 0 4.429029287921816826e-01 2.417867197721602679e+03
c_dd 0 0 4.491680252572889942e-01 2.389025799329292568e+03
c_dd 0 0 4.554486850820457788e-01 2.371728407324410000e+03
c_dd 0 0 4.617725565885423267e-01 2.335324631366967878e+03
c_dd 0 0 4.680757412093953795e-01 2.322501415507954334e+03
c_dd 0 0 4.743564916629640638e-01 2.316148818278525141e+03
c_dd 0 0 4.806425428564732871e-01 2.268705295269316139e+03
c_dd 0 0 4.869129233098823395e-01 2.255821901604561845e+03
c_dd 0 0 4.931745196394184405e-01 2.236600181539977712e+03
c_dd 0 0 4.994506890543656263e-01 2.209775305715943432e+03
c_dd 0 0 5.057241638978529075e-01 2.197677935496568352e+03
c_dd 0 0 5.120042719980517631e-01 2.181047256939456020e+03
c_dd 0 0 5.183192340646139984e-01 2.161497047588115947e+03
c_dd 0 0 5.246161892892522438e-01 2.144992430239386067e+03
c_dd 0 0 5.308869673046785476e-01 2.132606842812359901e+03
c_dd 0 0 5.371637224096752483e-01 2.106549541894274171e+03
c_dd 0 0 5.434652729571635144e-01 2.100399208796817675e+03
c_dd 0 0 5.497524178004593587e-01 2.083718069137340535e+03
c_dd 0 0 5.559970921381958142e-01 2.076546962365037416e+03
c_dd 0 0 5.622866379023159222e-01 2.057953690046551401e+03
c_dd 0 0 5.686033203527380842e-01 2.043797560248382297e+03
c_dd 0 0 5.748823709563090079e-01 2.027712206187925176e+03
c_dd 0 0 5.811585199734176088e-01 2.017386457675593419e+03
c_dd 0 0 5.874446517276211699e-01 2.000096471474206737e+03
c_dd 0 0 5.937246335834056588e-01 1.994303630339477650e+03
c_dd 0 0 6.000023445208265693e-01 1.983973075625952106e+03
c_dd 0 0 6.062700655927123483e-01 1.969573203985918781e+03
c_dd 0 0 6.125564878198721530e-01 1.953267953642273596e+03
c_dd 0 0 6.188675697062213654e-01 1.948168145381473551e+03
c_dd 0 0 6.251436203714340056e-01 1.942312269384594856e+03
c_dd 0 0 6.314092032308914471e-01 1.931347234459128686e+03
c_dd 0 0 6.377070744462735030e-01 1.920611130415173875e+03
c_dd 0 0 6.439915699782213787e-01 1.910365581720609498e+03
c_dd 0 0 6.502746657481665027e-01 1.902010241823577871e+03
c_dd 0 0 6.565654463687421449e-01 1.895497205737254490e+03
c_dd 0 0 6.628457378217490481e-01 1.886517338673151016e+03
c_dd 0 0 6.691273712706959920e-01 1.876935245379222579e+03
c_dd 0 0 6.754135024521100705e-01 1.868999793443192630e+03
c_dd 0 0 6.816942288653291548e-01 1.862404789636967280e+03
c_dd 0 0 6.879707219643064198e-01 1.854810974379309982e+03
c_dd 0 0 6.942401964891569133e-01 1.844018000859355652e+03
c_dd 0 0 7.005213539313046578e-01 1.838381500539991521e+03
c_dd 0 0 7.068163049835881617e-01 1.828097997596780033e+03
c_dd 0 0 7.131046379544038194e-01 1.821230026236357844e+03
c_dd 0 0 7.193979933183044517e-01 1.817778838835688020e+03
c_dd 0 0 7.256912769458278012e-01 1.810047328244274695e+03
c_dd 0 0 7.319732112087881104e-01 1.803421780567450924e+03
c_dd 0 0 7.382575498732680819e-01 1.799170755463378782e+03
c_dd 0 0 7.445309219837563663e-01 1.788463759802415552e+03
c_dd 0 0 7.507908721544984676e-01 1.787158430032350907e+03
c_dd 0 0 7.570762748651901353e-01 1.782331190895918326e+03
c_dd 0 0 7.633652442780797243e-01 1.777499738363642336e+03
c_dd 0 0 7.696523768503739094e-01 1.768106074470381373e+03
c_dd 0 0 7.759443911184177312e-01 1.765224901235081234e+03
c_dd 0 0 7.822388793759307291e-01 1.756534378913226419e+03
c_dd 0 0 7.885422505712965657e-01 1.755690331487084677e+03
c_dd 0 0 7.947958170677573708e-01 1.748766265287050373e+03
c_dd 0 0 8.010501857211035359e-01 1.742382101162254230e+03
c_dd 0 0 8.073371699120777123e-01 1.740388074833415203e+03
c_dd 0 0 8.136256953004623593e-01 1.732099499026409603e+03
c_dd 0 0 8.199185768310989220e-01 1.731041316786152720e+03
c_dd 0 0 8.261975950269245805e-01 1.722771047668117717e+03
c_dd 0 0 8.324916626456120294e-01 1.718353608928038966e+03
c_dd 0 0 8.387980487119468531e-01 1.718457253522377641e+03
c_dd 0 0 8.450681625339854230e-01 1.709500910591618094e+03
c_dd 0 0 8.513326310877129544e-01 1.706823459323721409e+03
c_dd 0 0 8.576229699198910650e-01 1.701542849187882211e+03
c_dd 0 0 8.639079722665760075e-01 1.697736212633930108e+03
c_dd 0 0 8.701845317394016899e-01 1.696159532749270056e+03
c_dd 0 0 8.764647451447489246e-01 1.691238034303713675e+03
c_dd 0 0 8.827524554796379874e-01 1.688604873609002880e+03
c_dd 0 0 8.890360933084631156e-01 1.684406783083205482e+03
c_dd 0 0 8.953122302139767674e-01 1.676251421397465037e+03
c_dd 0 0 9.015989135410911182e-01 1.674709907799778648e+03
c_dd 0 0 9.078856597069530077e-01 1.671016302912581978e+03
c_dd 0 0 9.141777176955673267e-01 1.667942753726011460e+03
c_dd 0 0 9.204705311210197305e-01 1.662834098559093491e+03
c_dd 0 0 9.267502199878263625e-01 1.662583950896824490e+03
c_dd 0 0 9.330346272813238029e-01 1.659088101410864738e+03
c_dd 0 0 9.393297286529698198e-01 1.654831274902753421e+03
c_dd 0 0 9.456020466528652912e-01 1.652545917696229708e+03
c_dd 0 0 9.518687891863797379e-01 1.648141180711032803e+03
c_dd 0 0 9.581418737840891042e-01 1.647284437024670751e+03
c_dd 0 0 9.644369887048810375e-01 1.643326642313750654e+03
c_dd 0 0 9.707375181351720617e-01 1.639156419255426499e+03
c_dd 0 0 9.770097663529486720e-01 1.634612327176549570e+03
c_dd 0 0 9.832835755838400527e-01 1.633831092683499492e+03
c_dd 0 0 9.895569992810110405e-01 1.631829729654600897e+03
c_dd 0 0 9.958480710782616763e-01 1.627998464788939827e+03
c_dd 0 0 1.002138575493429995e+00 1.624654955411832361e+03
c_dd 0 0 1.008406592376542843e+00 1.623655529166640690e+03
c_dd 0 0 1.014697842972237973e+00 1.619504058257890165e+03
c_dd 0 0 1.020995892874764666e+00 1.619269278337268133e+03
c_dd 0 0 1.027276368069287793e+00 1.615349378306010749e+03
c_dd 0 0 1.033563189136701643e+00 1.611241734067404650e+03
c_dd 0 0 1.039851148620366539e+00 1.609662475721293049e+03
c_dd 0 0 1.046127943161246687e+00 1.608044074571077545e+03
c_dd 0 0 1.052404895272092133e+00 1.605859774604198719e+03
c_dd 0 0 1.058683000430492127e+00 1.602838096847164252e+03
c_dd 0 0 1.064967127327474117e+00 1.599934699640406279e+03
c_dd 0 0 1.071258688161570438e+00 1.597384890418541318e+03
c_dd 0 0 1.077544330604543799e+00 1.594927362172798667e+03
c_dd 0 0 1.083828423436568711e+00 1.593208616595717331e+03
c_dd 0 0 1.090113342297217791e+00 1.589908781288034788e+03
c_dd 0 0 1.096393171946581147e+00 1.590414711529590249e+03
c_dd 0 0 1.102683425690332397e+00 1.586626931644794240e+03
c_dd 0 0 1.108964675464843452e+00 1.585579022717648513e+03
c_dd 0 0 1.115226705913353378e+00 1.582786233559079164e+03
c_dd 0 0 1.121503167812783808e+00 1.582275612813022690e+03
c_dd 0 0 1.127793382225193985e+00 1.581772738498725857e+03
c_dd 0 0 1.134092036465484288e+00 1.575294948233702598e+03
c_dd 0 0 1.140366923395659482e+00 1.575435219985411095e+03
c_dd 0 0 1.146641931784804447e+00 1.574692634373981946e+03
c_dd 0 0 1.152944617322677390e+00 1.570198529483310494e+03
c_dd 0 0 1.159230356871362666e+00 1.568185001304873595e+03
c_dd 0 0 1.165510994903905084e+00 1.565706302145869586e+03
c_dd 0 0 1.171794297100004156e+00 1.565893939866213486e+03
c_dd 0 0 1.178088255559602393e+00 1.563847769090306429e+03
c_dd 0 0 1.184371772446566995e+00 1.563443581156709115e+03
c_dd 0 0 1.190639487122887363e+00 1.559548928877463595e+03
c_dd 0 0 1.196916336380001056e+00 1.558228195327591038e+03
c_dd 0 0 1.203204375371396573e+00 1.557871014761713695e+03
c_dd 0 0 1.209488225901738323e+00 1.554387916368001015e+03
c_dd 0 0 1.215765679709200020e+00 1.554183886555838399e+03
c_dd 0 0 1.222058041744503942e+00 1.549485481336311295e+03
c_dd 0 0 1.228350115998196657e+00 1.550464010645154531e+03
c_dd 0 0 1.234637679107109420e+00 1.548207919859770982e+03
c_dd 0 0 1.240908145406735441e+00 1.545383721935078256e+03
c_dd 0 0 1.247180835746598104e+00 1.545363740577044837e+03
c_dd 0 0 1.253468531500335770e+00 1.544263728622865074e+03
c_dd 0 0 1.259751636995439350e+00 1.543263879130178793e+03
c_dd 0 0 1.266035077425267108e+00 1.540336739964167009e+03
c_dd 0 0 1.272321570618527797e+00 1.539142318699755378e+03
c_dd 0 0 1.278608208280544778e+00 1.538961980565806925e+03
c_dd 0 0 1.284887298154571367e+00 1.536113317155504319e+03
c_dd 0 0 1.291176964274221017e+00 1.535521561723100149e+03
c_dd 0 0 1.297469848393144831e+00 1.534417668398177284e+03
c_dd 0 0 1.303745183221867832e+00 1.532324805014511185e+03
c_dd 0 0 1.310019952103037566e+00 1.530926737904531592e+03
c_dd 0 0 1.316304889985511428e+00 1.528226412051372336e+03
c_dd 0 0 1.322589692250816240e+00 1.530006616319376008e+03
c_dd 0 0 1.328868076233011619e+00 1.525761437626813859e+03
c_dd 0 0 1.335146302472670188e+00 1.526540866664551231e+03
c_dd 0 0 1.341442338921303268e+00 1.525438612388986712e+03
c_dd 0 0 1.347732504022160827e+00 1.521539382581515611e+03
c_dd 0 0 1.354002360904259961e+00 1.521841419030402449e+03
c_dd 0 0 1.360285090555885645e+00 1.520013023438798655e+03
c_dd 0 0 1.366569991348876023e+00 1.521126939679374345e+03
c_dd 0 0 1.372854357884312648e+00 1.517475525747312759e+03
c_dd 0 0 1.379136732473180915e+00 1.516696692368158210e+03
c_dd 0 0 1.385410660878153122e+00 1.516100683853590454e+03
c_dd 0 0 1.391699780091347760e+00 1.513755699662754523e+03
c_dd 0 0 1.397986514487977949e+00 1.513540901907646457e+03
c_dd 0 0 1.404269431125305445e+00 1.511472672118650053e+03
c_dd 0 0 1.410558481592738334e+00 1.510188275943436338e+03
c_dd 0 0 1.416841921169897933e+00 1.510335920600744430e+03
c_dd 0 0 1.423120638450376285e+00 1.507043639857955668e+03
c_dd 0 0 1.429399525711986918e+00 1.509014578533187887e+03
c_dd 0 0 1.435687195920436032e+00 1.506011051885933966e+03
c_dd 0 0 1.441978909597384506e+00 1.505560285619322258e+03
c_dd 0 0 1.448256353182435952e+00 1.504035774049977590e+03
c_dd 0 0 1.454533979889224504e+00 1.502557730577199209e+03
c_dd 0 0 1.460823291195719742e+00 1.502544568671295565e+03
c_dd 0 0 1.467115297699349785e+00 1.501563787428349315e+03
c_dd 0 0 1.473396431849603117e+00 1.502300766309081382e+03
c_dd 0 0 1.479672187129404293e+00 1.499615099796848426e+03
c_dd 0 0 1.485957336950811003e+00 1.498349451577432319e+03
c_dd 0 0 1.492235428844137068e+00 1.496601113769219637e+03
c_dd 0 0 1.498505563158792242e+00 1.497137602229039430e+03
c_dd 0 0 1.504788033368229971e+00 1.496542786076533957e+03
c_dd 0 0 1.511077562324459223e+00 1.494205678650521577e+03
c_dd 0 0 1.517363063341846008e+00 1.494827866651404975e+03
c_dd 0 0 1.523653270341324806e+00 1.492464461700492848e+03
c_dd 0 0 1.529942912799504340e+00 1.492404681305807799e+03
c_dd 0 0 1.536231829420274808e+00 1.492051553272335468e+03
c_dd 0 0 1.542513327069792606e+00 1.491013026973978640e+03
c_dd 0 0 1.548785556440221534e+00 1.491220526549241413e+03
c_dd 0 0 1.555073465503286512e+00 1.488176634956126463e+03
c_dd 0 0 1.561358245907146003e+00 1.489352402341021389e+03
c_dd 0 0 1.567631451431686029e+00 1.487666052617459854e+03
c_dd 0 0 1.573918013544226335e+00 1.485906388156560524e+03
c_dd 0 0 1.580207648268701970e+00 1.485584146723567983e+03
c_dd 0 0 1.586489494063065386e+00 1.485120500657312959e+03
c_dd 0 0 1.592763080732128689e+00 1.484980626773553468e+03
c_dd 0 0 1.599049662621118140e+00 1.484037530574116545e+03
c_dd 0 0 1.605345053337696948e+00 1.483672073838987899e+03
p0 0 0 0.000000000000000000e+00 0.000000000000000000e+00
p0 0 0 8.899641653093008295e-03 4.923833317307693505e+04
p0 0 0 1.539332528288165670e-02 5.999375219907407154e+04
p0 0 0 2.155046762996598239e-02 5.757118969298246520e+04
p0 0 0 2.783660762585126597e-02 4.901734615384615608e+04
p0 0 0 3.439928854529101382e-02 4.234084439102564647e+04
p0 0 0 4.083988908678293228e-02 3.690387304687500000e+04
p0 0 0 4.696089820801348236e-02 3.188413487922705099e+04
p0 0 0 5.319831544433587661e-02 2.809450781249999636e+04
p0 0 0 5.953007160048735813e-02 2.614582467836256546e+04
p0 0 0 6.593106050382960270e-02 2.401724801864800975e+04
p0 0 0 7.211112823241795644e-02 2.263929598290597642e+04
p0 0 0 7.840743265709380905e-02 1.988364544859201123e+04
p0 0 0 8.486374147573563786e-02 1.827634187304298393e+04
p0 0 0 9.105720993371453631e-02 1.573448565367276933e+04
p0 0 0 9.723119438183111529e-02 1.487261197814207662e+04
p0 0 0 1.035474523099094157e-01 1.316461543319517841e+04
p0 0 0 1.098380096325790867e-01 1.216672378990730977e+04
p0 0 0 1.160878800454857029e-01 1.164165335856196543e+04
p0 0 0 1.223769048302436324e-01 1.103496152460152553e+04
p0 0 0 1.287591547856025143e-01 1.034743593923675508e+04
p0 0 0 1.350589943281513827e-01 9.858877828477823641e+03
p0 0 0 1.412290290659165837e-01 9.474528588147675691e+03
p0 0 0 1.475161690700088069e-01 8.600990902184234074e+03
p0 0 0 1.537996369822966225e-01 8.173966395957408167e+03
p0 0 0 1.601026478659483554e-01 7.663568870852232976e+03
p0 0 0 1.664508001660549019e-01 7.393481471327394502e+03
p0 0 0 1.727583237560037233e-01 7.081075724413242824e+03
p0 0 0 1.790245845132147351e-01 6.645209308582187987e+03
p0 0 0 1.852702546080971790e-01 6.519823433176949948e+03
p0 0 0 1.914887492119529966e-01 6.289997436801882031e+03
p0 0 0 1.977904085892937536e-01 5.916326940353075770e+03
p0 0 0 2.041115446406587541e-01 5.786970223099106079e+03
p0 0 0 2.104256850836569714e-01 5.450919017543858899e+03
p0 0 0 2.167058561960866769e-01 5.233486708946162253e+03
p0 0 0 2.229761248051159717e-01 5.030737109768379014e+03
p0 0 0 2.292828550697881274e-01 4.871119073764622044e+03
p0 0 0 2.355310205895554676e-01 4.701273353921233138e+03
p0 0 0 2.418144967727207939e-01 4.606901313400961044e+03
p0 0 0 2.481043196360692704e-01 4.392687264424223940e+03
p0 0 0 2.543667409246888611e-01 4.270494866289282982e+03
p0 0 0 2.606678092543103231e-01 4.218009768323247954e+03
p0 0 0 2.669430136113040697e-01 4.071265248731868269e+03
p0 0 0 2.732519464783976226e-01 3.926875018655168788e+03
p0 0 0 2.795627339315375770e-01 3.798483249932741273e+03
p0 0 0 2.858373502475139438e-01 3.740329748553284389e+03
p0 0 0 2.920953075698756729e-01 3.638977767854927606e+03
p0 0 0 2.983525092968341563e-01 3.566550579078163082e+03
p0 0 0 3.046702740008471189e-01 3.466205260087069291e+03
p0 0 0 3.109590627528140416e-01 3.383694436847473298e+03
p0 0 0 3.172239916515500191e-01 3.318860441653583166e+03
p0 0 0 3.235299724572279767e-01 3.242438339944348627e+03
p0 0 0 3.298388395071043533e-01 3.170371571641242099e+03
p0 0 0 3.361383844359337458e-01 3.120703112632761076e+03
p0 0 0 3.423877713306480719e-01 3.042475166031572826e+03
p0 0 0 3.486623155692267217e-01 3.008024461512203743e+03
p0 0 0 3.549448882949312045e-01 2.954022700875298597e+03
p0 0 0 3.611996781549324798e-01 2.911329838813668175e+03
p0 0 0 3.674875026172954029e-01 2.852101195980519151e+03
p0 0 0 3.737698636248200090e-01 2.823276949760946081e+03
p0 0 0 3.800714314497639634e-01 2.753879669611434565e+03
p0 0 0 3.863585763589229560e-01 2.723520461403953959e+03
p0 0 0 3.926354401118986037e-01 2.683683171705647055e+03
p0 0 0 3.989457585494922132e-01 2.638850870816886982e+03
p0 0 0 4.052156663313305485e-01 2.609227244710330524e+03
p0 0 0 4.115034152883392804e-01 2.572047668444249666e+03
p0 0 0 4.177905076349040514e-01 2.550408006225982717e+03
p0 0 0 4.240487051047501788e-01 2.504504010217114228e+03
p0 0 0 4.303463415118498614e-01 2.477965695727189541e+03
p0 0 0 4.366358695421740932e-01 2.444631785529630633e+03
p0 0 0 4.429029287921816826e-01 2.417867189156201221e+03
p0 0 0 4.491680252572889942e-01 2.389025882647003527e+03
p0 0 0 4.554486850820457788e-01 2.371728407324410455e+03
p0 0 0 4.617725565885423267e-01 2.335324484204208147e+03
p0 0 0 4.680757412093953795e-01 2.322501561973038861e+03
p0 0 0 4.743564916629640638e-01 2.316148847879376262e+03
p0 0 0 4.806425428564732871e-01 2.268705280699357900e+03
p0 0 0 4.869129233098823395e-01 2.255821951111699946e+03
p0 0 0 4.931745196394184405e-01 2.236600050139612449e+03
p0 0 0 4.994506890543656263e-01 2.209775272097694597e+03
p0 0 0 5.057241638978529075e-01 2.197677928936341232e+03
p0 0 0 5.120042719980517631e-01 2.181047276093792789e+03
p0 0 0 5.183192340646139984e-01 2.161497059960716342e+03
p0 0 0 5.246161892892522438e-01 2.144992302119318992e+03
p0 0 0 5.308869673046785476e-01 2.132607015972533645e+03
p0 0 0 5.371637224096752483e-01 2.106549507211191212e+03
p0 0 0 5.434652729571635144e-01 2.100399078347547857e+03
p0 0 0 5.497524178004593587e-01 2.083718290598290423e+03
p0 0 0 5.559970921381958142e-01 2.076546918435846237e+03
p0 0 0 5.622866379023159222e-01 2.057953721428945300e+03
p0 0 0 5.686033203527380842e-01 2.043797658771827173e+03
p0 0 0 5.748823709563090079e-01 2.027712231605569059e+03
p0 0 0 5.811585199734176088e-01 2.017386452723198317e+03
p0 0 0 5.874446517276211699e-01 2.000096554069647254e+03
p0 0 0 5.937246335834056588e-01 1.994303701720887148e+03
p0 0 0 6.000023445208265693e-01 1.983973108188256901e+03
p0 0 0 6.062700655927123483e-01 1.969573208572706562e+03
p0 0 0 6.125564878198721530e-01 1.953267962510323287e+03
p0 0 0 6.188675697062213654e-01 1.948168075486534462e+03
p0 0 0 6.251436203714340056e-01 1.942312260783554848e+03
p0 0 0 6.314092032308914471e-01 1.931347255511870571e+03
p0 0 0 6.377070744462735030e-01 1.920611196014821871e+03
p0 0 0 6.439915699782213787e-01 1.910365516856950308e+03
p0 0 0 6.502746657481665027e-01 1.902010135158491266e+03
p0 0 0 6.565654463687421449e-01 1.895497392377870028e+03
p0 0 0 6.628457378217490481e-01 1.886517289089131964e+03
p0 0 0 6.691273712706959920e-01 1.876935185393468828e+03
p0 0 0 6.754135024521100705e-01 1.868999851937155654e+03
p0 0 0 6.816942288653291548e-01 1.862404767865890335e+03
p0 0 0 6.879707219643064198e-01 1.854811066023395824e+03
p0 0 0 6.942401964891569133e-01 1.844018042950218842e+03
p0 0 0 7.005213539313046578e-01 1.838381615738093615e+03
p0 0 0 7.068163049835881617e-01 1.828097990874485731e+03
p0 0 0 7.131046379544038194e-01 1.821230026236357162e+03
p0 0 0 7.193979933183044517e-01 1.817779032537943522e+03
p0 0 0 7.256912769458278012e-01 1.810047353689567217e+03
p0 0 0 7.319732112087881104e-01 1.803421642908820559e+03
p0 0 0 7.382575498732680819e-01 1.799170773898682910e+03
p0 0 0 7.445309219837563663e-01 1.788463662679308072e+03
p0 0 0 7.507908721544984676e-01 1.787158471727403366e+03
p0 0 0 7.570762748651901353e-01 1.782331179216532291e+03
p0 0 0 7.633652442780797243e-01 1.777499761333089054e+03
p0 0 0 7.696523768503739094e-01 1.768105870655216677e+03
p0 0 0 7.759443911184177312e-01 1.765224745983560069e+03
p0 0 0 7.822388793759307291e-01 1.756534428181388648e+03
p0 0 0 7.885422505712965657e-01 1.755690347570558060e+03
p0 0 0 7.947958170677573708e-01 1.748766270665671300e+03
p0 0 0 8.010501857211035359e-01 1.742382158396909745e+03
p0 0 0 8.073371699120777123e-01 1.740387987233617650e+03
p0 0 0 8.136256953004623593e-01 1.732099514150140976e+03
p0 0 0 8.199185768310989220e-01 1.731041406635094290e+03
p0 0 0 8.261975950269245805e-01 1.722770944621810713e+03
p0 0 0 8.324916626456120294e-01 1.718353777745622438e+03
p0 0 0 8.387980487119468531e-01 1.718457220356649941e+03
p0 0 0 8.450681625339854230e-01 1.709500858524001387e+03
p0 0 0 8.513326310877129544e-01 1.706823514742174893e+03
p0 0 0 8.576229699198910650e-01 1.701542735545384176e+03
p0 0 0 8.639079722665760075e-01 1.697736095616633065e+03
p0 0 0 8.701845317394016899e-01 1.696159435497462255e+03
p0 0 0 8.764647451447489246e-01 1.691237986181175529e+03
p0 0 0 8.827524554796379874e-01 1.688604959270591962e+03
p0 0 0 8.890360933084631156e-01 1.684406846843974336e+03
p0 0 0 8.953122302139767674e-01 1.676251509278512231e+03
p0 0 0 9.015989135410911182e-01 1.674709870816960120e+03
p0 0 0 9.078856597069530077e-01 1.671016270284325401e+03
p0 0 0 9.141777176955673267e-01 1.667942717878631811e+03
p0 0 0 9.204705311210197305e-01 1.662834058871533898e+03
p0 0 0 9.267502199878263625e-01 1.662583880777256127e+03
p0 0 0 9.330346272813238029e-01 1.659088089856265242e+03
p0 0 0 9.393297286529698198e-01 1.654831316520649352e+03
p0 0 0 9.456020466528652912e-01 1.652546011989373255e+03
p0 0 0 9.518687891863797379e-01 1.648141128955862541e+03
p0 0 0 9.581418737840891042e-01 1.647284323438011370e+03
p0 0 0 9.644369887048810375e-01 1.643326645888490930e+03
p0 0 0 9.707375181351720617e-01 1.639156508388539805e+03
p0 0 0 9.770097663529486720e-01 1.634612330688440352e+03
p0 0 0 9.832835755838400527e-01 1.633831012714617827e+03
p0 0 0 9.895569992810110405e-01 1.631829671492811485e+03
p0 0 0 9.958480710782616763e-01 1.627998390640436810e+03
p0 0 0 1.002138575493429995e+00 1.624654985464236916e+03
p0 0 0 1.008406592376542843e+00 1.623655420028152776e+03
p0 0 0 1.014697842972237973e+00 1.619504087403026233e+03
p0 0 0 1.020995892874764666e+00 1.619269355434555791e+03
p0 0 0 1.027276368069287793e+00 1.615349155668994399e+03
p0 0 0 1.033563189136701643e+00 1.611241740328140850e+03
p0 0 0 1.039851148620366539e+00 1.609662469524534345e+03
p0 0 0 1.046127943161246687e+00 1.608044129860107205e+03
p0 0 0 1.052404895272092133e+00 1.605859774604198719e+03
p0 0 0 1.058683000430492127e+00 1.602838108861543333e+03
p0 0 0 1.064967127327474117e+00 1.599934640811253757e+03
p0 0 0 1.071258688161570438e+00 1.597384791039841275e+03
p0 0 0 1.077544330604543799e+00 1.594927344873444099e+03
p0 0 0 1.083828423436568711e+00 1.593208548142127256e+03
p0 0 0 1.090113342297217791e+00 1.589908690973875991e+03
p0 0 0 1.096393171946581147e+00 1.590414689247833849e+03
p0 0 0 1.102683425690332397e+00 1.586626860084874124e+03
p0 0 0 1.108964675464843452e+00 1.585579017253391157e+03
p0 0 0 1.115226705913353378e+00 1.582786314665369218e+03
p0 0 0 1.121503167812783808e+00 1.582275596834195085e+03
p0 0 0 1.127793382225193985e+00 1.581772559838154166e+03
p0 0 0 1.134092036465484288e+00 1.575294948233702598e+03
p0 0 0 1.140366923395659482e+00 1.575435364900993136e+03
p0 0 0 1.146641931784804447e+00 1.574692690341609250e+03
p0 0 0 1.152944617322677390e+00 1.570198489306974579e+03
p0 0 0 1.159230356871362666e+00 1.568185056312694542e+03
p0 0 0 1.165510994903905084e+00 1.565706282442042721e+03
p0 0 0 1.171794297100004156e+00 1.565893890971987275e+03
p0 0 0 1.178088255559602393e+00 1.563847788295770215e+03
p0 0 0 1.184371772446566995e+00 1.563443619618537241e+03
p0 0 0 1.190639487122887363e+00 1.559549122380082053e+03
p0 0 0 1.196916336380001056e+00 1.558227852441594678e+03
p0 0 0 1.203204375371396573e+00 1.557871129851577280e+03
p0 0 0 1.209488225901738323e+00 1.554387847279196421e+03
p0 0 0 1.215765679709200020e+00 1.554184089962044936e+03
p0 0 0 1.222058041744503942e+00 1.549485571055475930e+03
p0 0 0 1.228350115998196657e+00 1.550463961854863101e+03
p0 0 0 1.234637679107109420e+00 1.548207924252219755e+03
p0 0 0 1.240908145406735441e+00 1.545383608171302512e+03
p0 0 0 1.247180835746598104e+00 1.545363598627824558e+03
p0 0 0 1.253468531500335770e+00 1.544263745685914955e+03
p0 0 0 1.259751636995439350e+00 1.543263879130178793e+03
p0 0 0 1.266035077425267108e+00 1.540336531176556946e+03
p0 0 0 1.272321570618527797e+00 1.539142505263294197e+03
p0 0 0 1.278608208280544778e+00 1.538962070493979354e+03
p0 0 0 1.284887298154571367e+00 1.536113321231807731e+03
p0 0 0 1.291176964274221017e+00 1.535521457834649709e+03
p0 0 0 1.297469848393144831e+00 1.534417544647534896e+03
p0 0 0 1.303745183221867832e+00 1.532324737943941273e+03
p0 0 0 1.310019952103037566e+00 1.530926761365372158e+03
p0 0 0 1.316304889985511428e+00 1.528226412051371653e+03
p0 0 0 1.322589692250816240e+00 1.530006627821850543e+03
p0 0 0 1.328868076233011619e+00 1.525761616190398172e+03
p0 0 0 1.335146302472670188e+00 1.526540896754621372e+03
p0 0 0 1.341442338921303268e+00 1.525438601270308709e+03
p0 0 0 1.347732504022160827e+00 1.521539612094794165e+03
p0 0 0 1.354002360904259961e+00 1.521841623931330332e+03
p0 0 0 1.360285090555885645e+00 1.520013160908430564e+03
p0 0 0 1.366569991348876023e+00 1.521126950459737600e+03
p0 0 0 1.372854357884312648e+00 1.517475578976318047e+03
p0 0 0 1.379136732473180915e+00 1.516696777156585313e+03
p0 0 0 1.385410660878153122e+00 1.516100722269879043e+03
p0 0 0 1.391699780091347760e+00 1.513755703116147288e+03
p0 0 0 1.397986514487977949e+00 1.513540816079116439e+03
p0 0 0 1.404269431125305445e+00 1.511472675511560965e+03
p0 0 0 1.410558481592738334e+00 1.510188420892956401e+03
p0 0 0 1.416841921169897933e+00 1.510335853934702982e+03
p0 0 0 1.423120638450376285e+00 1.507043580084720361e+03
p0 0 0 1.429399525711986918e+00 1.509014591623331171e+03
p0 0 0 1.435687195920436032e+00 1.506010973777857771e+03
p0 0 0 1.441978909597384506e+00 1.505560330605068430e+03
p0 0 0 1.448256353182435952e+00 1.504035777258412281e+03
p0 0 0 1.454533979889224504e+00 1.502557714764610182e+03
p0 0 0 1.460823291195719742e+00 1.502544581224746025e+03
p0 0 0 1.467115297699349785e+00 1.501563840279802434e+03
p0 0 0 1.473396431849603117e+00 1.502300760122153179e+03
p0 0 0 1.479672187129404293e+00 1.499615130403510648e+03
p0 0 0 1.485957336950811003e+00 1.498349427289537061e+03
p0 0 0 1.492235428844137068e+00 1.496601158960193516e+03
p0 0 0 1.498505563158792242e+00 1.497137578276966678e+03
p0 0 0 1.504788033368229971e+00 1.496542738857086306e+03
p0 0 0 1.511077562324459223e+00 1.494205514115827782e+03
p0 0 0 1.517363063341846008e+00 1.494827930604080620e+03
p0 0 0 1.523653270341324806e+00 1.492464588553167687e+03
p0 0 0 1.529942912799504340e+00 1.492404704199027947e+03
p0 0 0 1.536231829420274808e+00 1.492051632688696145e+03
p0 0 0 1.542513327069792606e+00 1.491013190628987331e+03
p0 0 0 1.548785556440221534e+00 1.491220431363388570e+03
p0 0 0 1.555073465503286512e+00 1.488176645997881678e+03
p0 0 0 1.561358245907146003e+00 1.489352457537512009e+03
p0 0 0 1.567631451431686029e+00 1.487665899999404019e+03
p0 0 0 1.573918013544226335e+00 1.485906377340634208e+03
p0 0 0 1.580207648268701970e+00 1.485584345107343552e+03
p0 0 0 1.586489494063065386e+00 1.485120575302705902e+03
p0 0 0 1.592763080732128689e+00 1.484980542031928735e+03
p0 0 0 1.599049662621118140e+00 1.484037431366310329e+03
p0 0 0 1.605345053337696948e+00 1.483671985370109951e+03
p2 0 0 0.000000000000000000e+00 0.000000000000000000e+00
p2 0 0 8.899641653093008295e-03 1.931224146634614954e+04
p2 0 0 1.539332528288165670e-02 3.457190729166666279e+04
p2 0 0 2.155046762996598239e-02 2.506644780701754644e+04
p2 0 0 2.783660762585126597e-02 2.288343287037037589e+04
p2 0 0 3.439928854529101382e-02 1.991843197115384464e+04
p2 0 0 4.083988908678293228e-02 1.751649235026041788e+04
p2 0 0 4.696089820801348236e-02 1.362082623188405887e+04
p2 0 0 5.319831544433587661e-02 1.175900632440476329e+04
p2 0 0 5.953007160048735813e-02 1.085253032163742682e+04
p2 0 0 6.593106050382960270e-02 9.654954312354309877e+03
p2 0 0 7.211112823241795644e-02 8.347724615384613571e+03
p2 0 0 7.840743265709380905e-02 6.974602357563848273e+03
p2 0 0 8.486374147573563786e-02 6.165411898662111525e+03
p2 0 0 9.105720993371453631e-02 4.918446141607001664e+03
p2 0 0 9.723119438183111529e-02 4.438239103825136226e+03
p2 0 0 1.035474523099094157e-01 3.446100680876258139e+03
p2 0 0 1.098380096325790867e-01 3.098854256779951356e+03
p2 0 0 1.160878800454857029e-01 2.549245979186377099e+03
p2 0 0 1.223769048302436324e-01 2.281069230769231126e+03
p2 0 0 1.287591547856025143e-01 1.801666728417932518e+03
p2 0 0 1.350589943281513827e-01 1.492856253656253784e+03
p2 0 0 1.412290290659165837e-01 1.331933769549952103e+03
p2 0 0 1.475161690700088069e-01 8.963956980056977955e+02
p2 0 0 1.537996369822966225e-01 6.730508211514170398e+02
p2 0 0 1.601026478659483554e-01 4.702678204822151997e+02
p2 0 0 1.664508001660549019e-01 2.568650293199299313e+02
p2 0 0 1.727583237560037233e-01 1.099211232707000079e+02
p2 0 0 1.790245845132147351e-01 5.341547619047619833e+01
p2 0 0 1.852702546080971790e-01 -1.441495368699627022e+02
p2 0 0 1.914887492119529966e-01 -3.970903174603174648e+02
p2 0 0 1.977904085892937536e-01 -4.148619450537971147e+02
p2 0 0 2.041115446406587541e-01 -5.979574290484140420e+02
p2 0 0 2.104256850836569714e-01 -6.110747602339180276e+02
p2 0 0 2.167058561960866769e-01 -7.154797373273961512e+02
p2 0 0 2.229761248051159717e-01 -7.896883350117489044e+02
p2 0 0 2.292828550697881274e-01 -8.366765656083392741e+02
p2 0 0 2.355310205895554676e-01 -9.470945594570893036e+02
p2 0 0 2.418144967727207939e-01 -9.793582060864923733e+02
p2 0 0 2.481043196360692704e-01 -1.051945908734621298e+03
p2 0 0 2.543667409246888611e-01 -1.056914594313227781e+03
p2 0 0 2.606678092543103231e-01 -1.091403270371049530e+03
p2 0 0 2.669430136113040697e-01 -1.113836824775295781e+03
p2 0 0 2.732519464783976226e-01 -1.170836077716054660e+03
p2 0 0 2.795627339315375770e-01 -1.153815152004304991e+03
p2 0 0 2.858373502475139438e-01 -1.175226240589952340e+03
p2 0 0 2.920953075698756729e-01 -1.171171397385329101e+03
p2 0 0 2.983525092968341563e-01 -1.191993993529328691e+03
p2 0 0 3.046702740008471189e-01 -1.207649450204210098e+03
p2 0 0 3.109590627528140416e-01 -1.208001493347225050e+03
p2 0 0 3.172239916515500191e-01 -1.208232188383045468e+03
p2 0 0 3.235299724572279767e-01 -1.226823018175359493e+03
p2 0 0 3.298388395071043533e-01 -1.236638304042689242e+03
p2 0 0 3.361383844359337458e-01 -1.227569274946159339e+03
p2 0 0 3.423877713306480719e-01 -1.225047708219923834e+03
p2 0 0 3.486623155692267217e-01 -1.212640307219662645e+03
p2 0 0 3.549448882949312045e-01 -1.232618935247945956e+03
p2 0 0 3.611996781549324798e-01 -1.222065196647324456e+03
p2 0 0 3.674875026172954029e-01 -1.213613929474138331e+03
p2 0 0 3.737698636248200090e-01 -1.216972812693241849e+03
p2 0 0 3.800714314497639634e-01 -1.160539981325863664e+03
p2 0 0 3.863585763589229560e-01 -1.202005149899879143e+03
p2 0 0 3.926354401118986037e-01 -1.183408844701599946e+03
p2 0 0 3.989457585494922132e-01 -1.169390550627222638e+03
p2 0 0 4.052156663313305485e-01 -1.155310716598037288e+03
p2 0 0 4.115034152883392804e-01 -1.167324710838386409e+03
p2 0 0 4.177905076349040514e-01 -1.146131927622938974e+03
p2 0 0 4.240487051047501788e-01 -1.126877740624637227e+03
p2 0 0 4.303463415118498614e-01 -1.128587929226292999e+03
p2 0 0 4.366358695421740932e-01 -1.108209174614699123e+03
p2 0 0 4.429029287921816826e-01 -1.101751631173781107e+03
p2 0 0 4.491680252572889942e-01 -1.086375485846403762e+03
p2 0 0 4.554486850820457788e-01 -1.083931585003936789e+03
p2 0 0 4.617725565885423267e-01 -1.068822876063783269e+03
p2 0 0 4.680757412093953795e-01 -1.071587612137330098e+03
p2 0 0 4.743564916629640638e-01 -1.078778254474816322e+03
p2 0 0 4.806425428564732871e-01 -1.022619183171697728e+03
p2 0 0 4.869129233098823395e-01 -1.035519851478583632e+03
p2 0 0 4.931745196394184405e-01 -1.037709695099285227e+03
p2 0 0 4.994506890543656263e-01 -1.002615328240168992e+03
p2 0 0 5.057241638978529075e-01 -1.006538771761502971e+03
p2 0 0 5.120042719980517631e-01 -9.921082730769844602e+02
p2 0 0 5.183192340646139984e-01 -9.847659351366401097e+02
p2 0 0 5.246161892892522438e-01 -9.818894384833025697e+02
p2 0 0 5.308869673046785476e-01 -9.757659740259740602e+02
p2 0 0 5.371637224096752483e-01 -9.367801699471084476e+02
p2 0 0 5.434652729571635144e-01 -9.507241976306441984e+02
p2 0 0 5.497524178004593587e-01 -9.338020775805392759e+02
p2 0 0 5.559970921381958142e-01 -9.422700217586778990e+02
p2 0 0 5.622866379023159222e-01 -9.261701605732516782e+02
p2 0 0 5.686033203527380842e-01 -9.073979361931056928e+02
p2 0 0 5.748823709563090079e-01 -8.954215554327035989e+02
p2 0 0 5.811585199734176088e-01 -8.967865443425075682e+02
p2 0 0 5.874446517276211699e-01 -8.744814488211929984e+02
p2 0 0 5.937246335834056588e-01 -8.802548268703415033e+02
p2 0 0 6.000023445208265693e-01 -8.642672667434205778e+02
p2 0 0 6.062700655927123483e-01 -8.564921829669635827e+02
p2 0 0 6.125564878198721530e-01 -8.362892336342926001e+02
p2 0 0 6.188675697062213654e-01 -8.329419981215736470e+02
p2 0 0 6.251436203714340056e-01 -8.317681223928094596e+02
p2 0 0 6.314092032308914471e-01 -8.225177079879364328e+02
p2 0 0 6.377070744462735030e-01 -8.152750726464843183e+02
p2 0 0 6.439915699782213787e-01 -8.003399443591422369e+02
p2 0 0 6.502746657481665027e-01 -7.997602109598376501e+02
p2 0 0 6.565654463687421449e-01 -8.033832110934515640e+02
p2 0 0 6.628457378217490481e-01 -7.852365643996283779e+02
p2 0 0 6.691273712706959920e-01 -7.747259738312151285e+02
p2 0 0 6.754135024521100705e-01 -7.687464597442719878e+02
p2 0 0 6.816942288653291548e-01 -7.667883742448157136e+02
p2 0 0 6.879707219643064198e-01 -7.602584803824379378e+02
p2 0 0 6.942401964891569133e-01 -7.416972579556118035e+02
p2 0 0 7.005213539313046578e-01 -7.368755936725749507e+02
p2 0 0 7.068163049835881617e-01 -7.295095112052230206e+02
p2 0 0 7.131046379544038194e-01 -7.261109937740055784e+02
p2 0 0 7.193979933183044517e-01 -7.214774768667045919e+02
p2 0 0 7.256912769458278012e-01 -7.129506329516540291e+02
p2 0 0 7.319732112087881104e-01 -7.037274499912008423e+02
p2 0 0 7.382575498732680819e-01 -6.996620056074048080e+02
p2 0 0 7.445309219837563663e-01 -6.901774742680676127e+02
p2 0 0 7.507908721544984676e-01 -6.907353413968584164e+02
p2 0 0 7.570762748651901353e-01 -6.834846237230232191e+02
p2 0 0 7.633652442780797243e-01 -6.803698468583899057e+02
p2 0 0 7.696523768503739094e-01 -6.648281760311949711e+02
p2 0 0 7.759443911184177312e-01 -6.663378079039656541e+02
p2 0 0 7.822388793759307291e-01 -6.564877438602973143e+02
p2 0 0 7.885422505712965657e-01 -6.592649691900967355e+02
p2 0 0 7.947958170677573708e-01 -6.463239731875727330e+02
p2 0 0 8.010501857211035359e-01 -6.452403218148589303e+02
p2 0 0 8.073371699120777123e-01 -6.424017339607023587e+02
p2 0 0 8.136256953004623593e-01 -6.251954679219362561e+02
p2 0 0 8.199185768310989220e-01 -6.249370021651097886e+02
p2 0 0 8.261975950269245805e-01 -6.169069522521444924e+02
p2 0 0 8.324916626456120294e-01 -6.155299081451469192e+02
p2 0 0 8.387980487119468531e-01 -6.182377698416928524e+02
p2 0 0 8.450681625339854230e-01 -6.037053848566068837e+02
p2 0 0 8.513326310877129544e-01 -5.971164139642954751e+02
p2 0 0 8.576229699198910650e-01 -5.896845318355249219e+02
p2 0 0 8.639079722665760075e-01 -5.850972689400651916e+02
p2 0 0 8.701845317394016899e-01 -5.888083835478674928e+02
p2 0 0 8.764647451447489246e-01 -5.755327957827157661e+02
p2 0 0 8.827524554796379874e-01 -5.778393513276207614e+02
p2 0 0 8.890360933084631156e-01 -5.654807588594260324e+02
p2 0 0 8.953122302139767674e-01 -5.562024570075981273e+02
p2 0 0 9.015989135410911182e-01 -5.607674181369905000e+02
p2 0 0 9.078856597069530077e-01 -5.530357269218807232e+02
p2 0 0 9.141777176955673267e-01 -5.474585671503573394e+02
p2 0 0 9.204705311210197305e-01 -5.439070180007888666e+02
p2 0 0 9.267502199878263625e-01 -5.418937406111600694e+02
p2 0 0 9.330346272813238029e-01 -5.352824921344474660e+02
p2 0 0 9.393297286529698198e-01 -5.333475704371061283e+02
p2 0 0 9.456020466528652912e-01 -5.293631582545394849e+02
p2 0 0 9.518687891863797379e-01 -5.214985875921598790e+02
p2 0 0 9.581418737840891042e-01 -5.249581895752179435e+02
p2 0 0 9.644369887048810375e-01 -5.185249014153737335e+02
p2 0 0 9.707375181351720617e-01 -5.120502015522531565e+02
p2 0 0 9.770097663529486720e-01 -5.056579514700555933e+02
p2 0 0 9.832835755838400527e-01 -5.009853817753526073e+02
p2 0 0 9.895569992810110405e-01 -5.025231011352240102e+02
p2 0 0 9.958480710782616763e-01 -4.925583382309261538e+02
p2 0 0 1.002138575493429995e+00 -4.897193447741165642e+02
p2 0 0 1.008406592376542843e+00 -4.906292073610601960e+02
p2 0 0 1.014697842972237973e+00 -4.844593564996690702e+02
p2 0 0 1.020995892874764666e+00 -4.798935655889109171e+02
p2 0 0 1.027276368069287793e+00 -4.742405298760985488e+02
p2 0 0 1.033563189136701643e+00 -4.738599927218941161e+02
p2 0 0 1.039851148620366539e+00 -4.706372583990285534e+02
p2 0 0 1.046127943161246687e+00 -4.683709786350136710e+02
p2 0 0 1.052404895272092133e+00 -4.661238435399178002e+02
p2 0 0 1.058683000430492127e+00 -4.603762963797292969e+02
p2 0 0 1.064967127327474117e+00 -4.549931537573442597e+02
p2 0 0 1.071258688161570438e+00 -4.517942729370243455e+02
p2 0 0 1.077544330604543799e+00 -4.430855705363161405e+02
p2 0 0 1.083828423436568711e+00 -4.462906525195912195e+02
p2 0 0 1.090113342297217791e+00 -4.405300608562205866e+02
p2 0 0 1.096393171946581147e+00 -4.416752301722832499e+02
p2 0 0 1.102683425690332397e+00 -4.357936487130394880e+02
p2 0 0 1.108964675464843452e+00 -4.297341611682580833e+02
p2 0 0 1.115226705913353378e+00 -4.310073590440272255e+02
p2 0 0 1.121503167812783808e+00 -4.304880912790553111e+02
p2 0 0 1.127793382225193985e+00 -4.281370510496307702e+02
p2 0 0 1.134092036465484288e+00 -4.180813199105146509e+02
p2 0 0 1.140366923395659482e+00 -4.181281086090530721e+02
p2 0 0 1.146641931784804447e+00 -4.128518794470017497e+02
p2 0 0 1.152944617322677390e+00 -4.108873678379011380e+02
p2 0 0 1.159230356871362666e+00 -4.041479822912320969e+02
p2 0 0 1.165510994903905084e+00 -4.060603035620823675e+02
p2 0 0 1.171794297100004156e+00 -4.070708996843267187e+02
p2 0 0 1.178088255559602393e+00 -3.997749239658684814e+02
p2 0 0 1.184371772446566995e+00 -3.972053756413434371e+02
p2 0 0 1.190639487122887363e+00 -3.938879885314301532e+02
p2 0 0 1.196916336380001056e+00 -3.909559802488273021e+02
p2 0 0 1.203204375371396573e+00 -3.928409731423418521e+02
p2 0 0 1.209488225901738323e+00 -3.844386402171691088e+02
p2 0 0 1.215765679709200020e+00 -3.842961933375991634e+02
p2 0 0 1.222058041744503942e+00 -3.792820706061792180e+02
p2 0 0 1.228350115998196657e+00 -3.788909844688858470e+02
p2 0 0 1.234637679107109420e+00 -3.741550704644876646e+02
p2 0 0 1.240908145406735441e+00 -3.673878327453714405e+02
p2 0 0 1.247180835746598104e+00 -3.694073017818927838e+02
p2 0 0 1.253468531500335770e+00 -3.689116936542785652e+02
p2 0 0 1.259751636995439350e+00 -3.669657687773205907e+02
p2 0 0 1.266035077425267108e+00 -3.619935416772690928e+02
p2 0 0 1.272321570618527797e+00 -3.589583991811932719e+02
p2 0 0 1.278608208280544778e+00 -3.602036913981914381e+02
p2 0 0 1.284887298154571367e+00 -3.542318779656698666e+02
p2 0 0 1.291176964274221017e+00 -3.522898787426999547e+02
p2 0 0 1.297469848393144831e+00 -3.534529662729599409e+02
p2 0 0 1.303745183221867832e+00 -3.466546274994267947e+02
p2 0 0 1.310019952103037566e+00 -3.466098014992942922e+02
p2 0 0 1.316304889985511428e+00 -3.380204006098599621e+02
p2 0 0 1.322589692250816240e+00 -3.473684364901636172e+02
p2 0 0 1.328868076233011619e+00 -3.370506491332424162e+02
p2 0 0 1.335146302472670188e+00 -3.410951158879098557e+02
p2 0 0 1.341442338921303268e+00 -3.344911435097034200e+02
p2 0 0 1.347732504022160827e+00 -3.289295898606956712e+02
p2 0 0 1.354002360904259961e+00 -3.301377515096008324e+02
p2 0 0 1.360285090555885645e+00 -3.277547722650496098e+02
p2 0 0 1.366569991348876023e+00 -3.270762036949696494e+02
p2 0 0 1.372854357884312648e+00 -3.217097564329470174e+02
p2 0 0 1.379136732473180915e+00 -3.197047967285799359e+02
p2 0 0 1.385410660878153122e+00 -3.193704303715684318e+02
p2 0 0 1.391699780091347760e+00 -3.157388414946714761e+02
p2 0 0 1.397986514487977949e+00 -3.161419097491553885e+02
p2 0 0 1.404269431125305445e+00 -3.107695066389720751e+02
p2 0 0 1.410558481592738334e+00 -3.094531880467208680e+02
p2 0 0 1.416841921169897933e+00 -3.093937694334116486e+02
p2 0 0 1.423120638450376285e+00 -3.047876767513246818e+02
p2 0 0 1.429399525711986918e+00 -3.051965912449442158e+02
p2 0 0 1.435687195920436032e+00 -3.023410202664014150e+02
p2 0 0 1.441978909597384506e+00 -3.020359464227796025e+02
p2 0 0 1.448256353182435952e+00 -2.967953918852663833e+02
p2 0 0 1.454533979889224504e+00 -2.951414965825042032e+02
p2 0 0 1.460823291195719742e+00 -2.946496567415950949e+02
p2 0 0 1.467115297699349785e+00 -2.930387642086855635e+02
p2 0 0 1.473396431849603117e+00 -2.935524062801189871e+02
p2 0 0 1.479672187129404293e+00 -2.896306893002935112e+02
p2 0 0 1.485957336950811003e+00 -2.903262778895716565e+02
p2 0 0 1.492235428844137068e+00 -2.873750299154835375e+02
p2 0 0 1.498505563158792242e+00 -2.841152266885977724e+02
p2 0 0 1.504788033368229971e+00 -2.862250489947882670e+02
p2 0 0 1.511077562324459223e+00 -2.802222716805675873e+02
p2 0 0 1.517363063341846008e+00 -2.817206743373539553e+02
p2 0 0 1.523653270341324806e+00 -2.775123022769514591e+02
p2 0 0 1.529942912799504340e+00 -2.768530865158039660e+02
p2 0 0 1.536231829420274808e+00 -2.768388771448399552e+02
p2 0 0 1.542513327069792606e+00 -2.738274522459798277e+02
p2 0 0 1.548785556440221534e+00 -2.740696945916413370e+02
p2 0 0 1.555073465503286512e+00 -2.697626367711147850e+02
p2 0 0 1.561358245907146003e+00 -2.719005276439550016e+02
p2 0 0 1.567631451431686029e+00 -2.679707184546059011e+02
p2 0 0 1.573918013544226335e+00 -2.672764996958020447e+02
p2 0 0 1.580207648268701970e+00 -2.648061271097125768e+02
p2 0 0 1.586489494063065386e+00 -2.627004943591076085e+02
p2 0 0 1.592763080732128689e+00 -2.616649008299548314e+02
p2 0 0 1.599049662621118140e+00 -2.612975036509451456e+02
p2 0 0 1.605345053337696948e+00 -2.616747867761794737e+02
p4 0 0 0.000000000000000000e+00 0.000000000000000000e+00
p4 0 0 8.899641653093008295e-03 -4.169565128205126530e+04
p4 0 0 1.539332528288165670e-02 3.474140162037035770e+04
p4 0 0 2.155046762996598239e-02 -2.887599692982455963e+04
p4 0 0 2.783660762585126597e-02 -2.959865785256411641e+02
p4 0 0 3.439928854529101382e-02 1.515142901141826769e+03
p4 0 0 4.083988908678293228e-02 1.245407755533854242e+03
p4 0 0 4.696089820801348236e-02 -4.318383043478260333e+03
p4 0 0 5.319831544433587661e-02 -1.976585760788690777e+03
p4 0 0 5.953007160048735813e-02 1.626711023848684135e+03
p4 0 0 6.593106050382960270e-02 2.248820770687645108e+03
p4 0 0 7.211112823241795644e-02 5.098901175213674719e+02
p4 0 0 7.840743265709380905e-02 -1.451869065160443917e+01
p4 0 0 8.486374147573563786e-02 5.042720626957016066e+02
p4 0 0 9.105720993371453631e-02 1.006564402678334545e+03
p4 0 0 9.723119438183111529e-02 2.856432540983606714e+02
p4 0 0 1.035474523099094157e-01 -4.868760546181171662e+02
p4 0 0 1.098380096325790867e-01 1.183033464212152467e+03
p4 0 0 1.160878800454857029e-01 3.509210225480921963e+01
p4 0 0 1.223769048302436324e-01 1.016651166839916982e+03
p4 0 0 1.287591547856025143e-01 8.792545541558602906e+01
p4 0 0 1.350589943281513827e-01 9.483190139815139901e+02
p4 0 0 1.412290290659165837e-01 1.219745387807213319e+03
p4 0 0 1.475161690700088069e-01 2.351028003323836515e+02
p4 0 0 1.537996369822966225e-01 9.890871232629491772e+01
p4 0 0 1.601026478659483554e-01 1.000117333094613059e+03
p4 0 0 1.664508001660549019e-01 6.064539715177822927e+02
p4 0 0 1.727583237560037233e-01 6.383345326588204216e+02
p4 0 0 1.790245845132147351e-01 8.164815375302661096e+02
p4 0 0 1.852702546080971790e-01 4.058892352339709078e+02
p4 0 0 1.914887492119529966e-01 9.575237580834805158e+02
p4 0 0 1.977904085892937536e-01 5.420277211950275387e+02
p4 0 0 2.041115446406587541e-01 9.049489730358679935e+02
p4 0 0 2.104256850836569714e-01 6.500708198830409401e+02
p4 0 0 2.167058561960866769e-01 8.200715467998021495e+02
p4 0 0 2.229761248051159717e-01 6.684881891993954923e+02
p4 0 0 2.292828550697881274e-01 7.320388050051720938e+02
p4 0 0 2.355310205895554676e-01 9.009881428952685383e+02
p4 0 0 2.418144967727207939e-01 9.405466346324971028e+02
p4 0 0 2.481043196360692704e-01 7.594365811266742412e+02
p4 0 0 2.543667409246888611e-01 9.691493428329754352e+02
p4 0 0 2.606678092543103231e-01 9.278084937954644147e+02
p4 0 0 2.669430136113040697e-01 8.548609118685292287e+02
p4 0 0 2.732519464783976226e-01 1.107528082248569490e+03
p4 0 0 2.795627339315375770e-01 1.013335359160613507e+03
p4 0 0 2.858373502475139438e-01 9.038265939468427632e+02
p4 0 0 2.920953075698756729e-01 1.067104051003448376e+03
p4 0 0 2.983525092968341563e-01 9.796338209781026762e+02
p4 0 0 3.046702740008471189e-01 9.802390579417442495e+02
p4 0 0 3.109590627528140416e-01 9.933273056803628833e+02
p4 0 0 3.172239916515500191e-01 9.938545892203034100e+02
p4 0 0 3.235299724572279767e-01 1.059806687979791832e+03
p4 0 0 3.298388395071043533e-01 1.012193461322816006e+03
p4 0 0 3.361383844359337458e-01 1.004175422902056312e+03
p4 0 0 3.423877713306480719e-01 1.027530509889312498e+03
p4 0 0 3.486623155692267217e-01 1.069939337770950488e+03
p4 0 0 3.549448882949312045e-01 1.047141356630014343e+03
p4 0 0 3.611996781549324798e-01 1.126818033526756835e+03
p4 0 0 3.674875026172954029e-01 1.025791452438197439e+03
p4 0 0 3.737698636248200090e-01 1.074756961223474036e+03
p4 0 0 3.800714314497639634e-01 9.629636802413275518e+02
p4 0 0 3.863585763589229560e-01 1.080885960459147555e+03
p4 0 0 3.926354401118986037e-01 1.042797033656588837e+03
p4 0 0 3.989457585494922132e-01 1.041652173459950518e+03
p4 0 0 4.052156663313305485e-01 1.048846631963328491e+03
p4 0 0 4.115034152883392804e-01 1.050818365110672630e+03
p4 0 0 4.177905076349040514e-01 1.071669390534559170e+03
p4 0 0 4.240487051047501788e-01 1.035220815047022143e+03
p4 0 0 4.303463415118498614e-01 1.035040628347824395e+03
p4 0 0 4.366358695421740932e-01 1.054092137773230888e+03
p4 0 0 4.429029287921816826e-01 1.033547744622533628e+03
p4 0 0 4.491680252572889942e-01 9.661108917078048535e+02
p4 0 0 4.554486850820457788e-01 1.033633836028506039e+03
p4 0 0 4.617725565885423267e-01 1.017823319488416018e+03
p4 0 0 4.680757412093953795e-01 1.008955251062353568e+03
p4 0 0 4.743564916629640638e-01 1.030194551593358256e+03
p4 0 0 4.806425428564732871e-01 1.004736114374174576e+03
p4 0 0 4.869129233098823395e-01 1.012954773460637739e+03
p4 0 0 4.931745196394184405e-01 9.867150185430120928e+02
p4 0 0 4.994506890543656263e-01 9.836915525747374431e+02
p4 0 0 5.057241638978529075e-01 1.003893724322861885e+03
p4 0 0 5.120042719980517631e-01 9.886573480821718931e+02
p4 0 0 5.183192340646139984e-01 9.655937518365575443e+02
p4 0 0 5.246161892892522438e-01 9.712831773776567843e+02
p4 0 0 5.308869673046785476e-01 9.637412748171367411e+02
p4 0 0 5.371637224096752483e-01 9.407199196508571504e+02
p4 0 0 5.434652729571635144e-01 9.705877845601942226e+02
p4 0 0 5.497524178004593587e-01 9.246363625038928831e+02
p4 0 0 5.559970921381958142e-01 9.772882674738652895e+02
p4 0 0 5.622866379023159222e-01 9.315446336105447926e+02
p4 0 0 5.686033203527380842e-01 9.064516859176292201e+02
p4 0 0 5.748823709563090079e-01 9.108322651568585115e+02
p4 0 0 5.811585199734176088e-01 9.424723470638488152e+02
p4 0 0 5.874446517276211699e-01 8.916027766643587711e+02
p4 0 0 5.937246335834056588e-01 9.026486642753893648e+02
p4 0 0 6.000023445208265693e-01 8.806230006163580128e+02
p4 0 0 6.062700655927123483e-01 8.838573210866099998e+02
p4 0 0 6.125564878198721530e-01 8.517132981936895249e+02
p4 0 0 6.188675697062213654e-01 8.768366271323418459e+02
p4 0 0 6.251436203714340056e-01 8.832850771943407153e+02
p4 0 0 6.314092032308914471e-01 8.770149779735679658e+02
p4 0 0 6.377070744462735030e-01 8.434152877928282805e+02
p4 0 0 6.439915699782213787e-01 8.441462574175141071e+02
p4 0 0 6.502746657481665027e-01 8.517238776709481272e+02
p4 0 0 6.565654463687421449e-01 8.371835347982676012e+02
p4 0 0 6.628457378217490481e-01 8.359800595961762610e+02
p4 0 0 6.691273712706959920e-01 8.262758988490232923e+02
p4 0 0 6.754135024521100705e-01 8.318462285103232716e+02
p4 0 0 6.816942288653291548e-01 8.143412670766884958e+02
p4 0 0 6.879707219643064198e-01 8.002586266604981802e+02
p4 0 0 6.942401964891569133e-01 7.992466857829336959e+02
p4 0 0 7.005213539313046578e-01 8.067510645236429809e+02
p4 0 0 7.068163049835881617e-01 7.843271084894164460e+02
p4 0 0 7.131046379544038194e-01 7.802260702213231980e+02
p4 0 0 7.193979933183044517e-01 7.857787339136332321e+02
p4 0 0 7.256912769458278012e-01 7.806191587150128726e+02
p4 0 0 7.319732112087881104e-01 7.513868246612307757e+02
p4 0 0 7.382575498732680819e-01 7.801007673695125959e+02
p4 0 0 7.445309219837563663e-01 7.522333048792978616e+02
p4 0 0 7.507908721544984676e-01 7.654492842969729054e+02
p4 0 0 7.570762748651901353e-01 7.401731060232784785e+02
p4 0 0 7.633652442780797243e-01 7.500720106520810759e+02
p4 0 0 7.696523768503739094e-01 7.370576181225649179e+02
p4 0 0 7.759443911184177312e-01 7.331443783701363373e+02
p4 0 0 7.822388793759307291e-01 7.324007061769958682e+02
p4 0 0 7.885422505712965657e-01 7.270291747502873250e+02
p4 0 0 7.947958170677573708e-01 7.140669961072230763e+02
p4 0 0 8.010501857211035359e-01 7.060322283142444348e+02
p4 0 0 8.073371699120777123e-01 7.130348756694780832e+02
p4 0 0 8.136256953004623593e-01 6.915964988562677718e+02
p4 0 0 8.199185768310989220e-01 7.105614011443259415e+02
p4 0 0 8.261975950269245805e-01 6.796315260360601087e+02
p4 0 0 8.324916626456120294e-01 6.963432953795231697e+02
p4 0 0 8.387980487119468531e-01 6.904896824973792491e+02
p4 0 0 8.450681625339854230e-01 6.790386045878670984e+02
p4 0 0 8.513326310877129544e-01 6.645339383181076300e+02
p4 0 0 8.576229699198910650e-01 6.658280736744313799e+02
p4 0 0 8.639079722665760075e-01 6.662199441354924829e+02
p4 0 0 8.701845317394016899e-01 6.613677693142921044e+02
p4 0 0 8.764647451447489246e-01 6.510475915490261514e+02
p4 0 0 8.827524554796379874e-01 6.529936958424682416e+02
p4 0 0 8.890360933084631156e-01 6.568552954647495881e+02
p4 0 0 8.953122302139767674e-01 6.279904021342540545e+02
p4 0 0 9.015989135410911182e-01 6.293480566042580904e+02
p4 0 0 9.078856597069530077e-01 6.426577571132149842e+02
p4 0 0 9.141777176955673267e-01 6.180090026711277460e+02
p4 0 0 9.204705311210197305e-01 6.155813914954519532e+02
p4 0 0 9.267502199878263625e-01 6.128787267455026040e+02
p4 0 0 9.330346272813238029e-01 6.137672759310478341e+02
p4 0 0 9.393297286529698198e-01 6.112077674127148157e+02
p4 0 0 9.456020466528652912e-01 6.039934089092876093e+02
p4 0 0 9.518687891863797379e-01 6.022428657577163449e+02
p4 0 0 9.581418737840891042e-01 6.048516123122442423e+02
p4 0 0 9.644369887048810375e-01 5.943427630505937032e+02
p4 0 0 9.707375181351720617e-01 5.938460305682013995e+02
p4 0 0 9.770097663529486720e-01 5.841858211788979816e+02
p4 0 0 9.832835755838400527e-01 5.718759091570889268e+02
p4 0 0 9.895569992810110405e-01 5.855984552913326979e+02
p4 0 0 9.958480710782616763e-01 5.677033503748501744e+02
p4 0 0 1.002138575493429995e+00 5.664397526520201609e+02
p4 0 0 1.008406592376542843e+00 5.623595046600894420e+02
p4 0 0 1.014697842972237973e+00 5.670774900370183786e+02
p4 0 0 1.020995892874764666e+00 5.573235500088341041e+02
p4 0 0 1.027276368069287793e+00 5.611834397816566025e+02
p4 0 0 1.033563189136701643e+00 5.483042514311651985e+02
p4 0 0 1.039851148620366539e+00 5.421432605407834444e+02
p4 0 0 1.046127943161246687e+00 5.514990414648520982e+02
p4 0 0 1.052404895272092133e+00 5.422662523278257822e+02
p4 0 0 1.058683000430492127e+00 5.375207921981620984e+02
p4 0 0 1.064967127327474117e+00 5.291963128828491563e+02
p4 0 0 1.071258688161570438e+00 5.340603952130155676e+02
p4 0 0 1.077544330604543799e+00 5.146089646696724458e+02
p4 0 0 1.083828423436568711e+00 5.183695994751891476e+02
p4 0 0 1.090113342297217791e+00 5.223234404050025432e+02
p4 0 0 1.096393171946581147e+00 5.222459174774267012e+02
p4 0 0 1.102683425690332397e+00 5.140338540349644063e+02
p4 0 0 1.108964675464843452e+00 5.030470431539690708e+02
p4 0 0 1.115226705913353378e+00 5.102907430687916417e+02
p4 0 0 1.121503167812783808e+00 5.120598020955567335e+02
p4 0 0 1.127793382225193985e+00 5.028405165392395588e+02
p4 0 0 1.134092036465484288e+00 4.967744589251339562e+02
p4 0 0 1.140366923395659482e+00 4.894121169481683751e+02
p4 0 0 1.146641931784804447e+00 4.963661923728207626e+02
p4 0 0 1.152944617322677390e+00 4.824772603505071515e+02
p4 0 0 1.159230356871362666e+00 4.867376117541713256e+02
p4 0 0 1.165510994903905084e+00 4.756195425017702405e+02
p4 0 0 1.171794297100004156e+00 4.853255505948288260e+02
p4 0 0 1.178088255559602393e+00 4.761266528327309402e+02
p4 0 0 1.184371772446566995e+00 4.746888158715134978e+02
p4 0 0 1.190639487122887363e+00 4.687745355273462451e+02
p4 0 0 1.196916336380001056e+00 4.624755347318854888e+02
p4 0 0 1.203204375371396573e+00 4.615130450044525219e+02
p4 0 0 1.209488225901738323e+00 4.609979302145495126e+02
p4 0 0 1.215765679709200020e+00 4.595238475413980836e+02
p4 0 0 1.222058041744503942e+00 4.485890276264934755e+02
p4 0 0 1.228350115998196657e+00 4.574923286968695493e+02
p4 0 0 1.234637679107109420e+00 4.483062843589015074e+02
p4 0 0 1.240908145406735441e+00 4.462165756009517281e+02
p4 0 0 1.247180835746598104e+00 4.328221139680184137e+02
p4 0 0 1.253468531500335770e+00 4.510187477588084448e+02
p4 0 0 1.259751636995439350e+00 4.412561283159262189e+02
p4 0 0 1.266035077425267108e+00 4.352058700636409867e+02
p4 0 0 1.272321570618527797e+00 4.300315660324801570e+02
p4 0 0 1.278608208280544778e+00 4.300228269380860979e+02
p4 0 0 1.284887298154571367e+00 4.355730693926944355e+02
p4 0 0 1.291176964274221017e+00 4.197141399422370682e+02
p4 0 0 1.297469848393144831e+00 4.247505965479558654e+02
p4 0 0 1.303745183221867832e+00 4.177788624140967499e+02
p4 0 0 1.310019952103037566e+00 4.245949043543075732e+02
p4 0 0 1.316304889985511428e+00 4.027485385453899198e+02
p4 0 0 1.322589692250816240e+00 4.159286357705400974e+02
p4 0 0 1.328868076233011619e+00 4.079161748450925984e+02
p4 0 0 1.335146302472670188e+00 4.145052277971128660e+02
p4 0 0 1.341442338921303268e+00 3.991462754745126631e+02
p4 0 0 1.347732504022160827e+00 4.018810001411321764e+02
p4 0 0 1.354002360904259961e+00 4.008052944936305835e+02
p4 0 0 1.360285090555885645e+00 4.003231042813424665e+02
p4 0 0 1.366569991348876023e+00 3.953592035108050595e+02
p4 0 0 1.372854357884312648e+00 3.900623373743019329e+02
p4 0 0 1.379136732473180915e+00 3.957135740971357905e+02
p4 0 0 1.385410660878153122e+00 3.839204643132325145e+02
p4 0 0 1.391699780091347760e+00 3.820445699177120673e+02
p4 0 0 1.397986514487977949e+00 3.893155153305846738e+02
p4 0 0 1.404269431125305445e+00 3.787104411526141803e+02
p4 0 0 1.410558481592738334e+00 3.806598447691763454e+02
p4 0 0 1.416841921169897933e+00 3.781487981883503835e+02
p4 0 0 1.423120638450376285e+00 3.757894089298722520e+02
p4 0 0 1.429399525711986918e+00 3.704741294799223965e+02
p4 0 0 1.435687195920436032e+00 3.711688690499799463e+02
p4 0 0 1.441978909597384506e+00 3.667322020623151957e+02
p4 0 0 1.448256353182435952e+00 3.734901768750043516e+02
p4 0 0 1.454533979889224504e+00 3.638313761301059230e+02
p4 0 0 1.460823291195719742e+00 3.621635455651013444e+02
p4 0 0 1.467115297699349785e+00 3.600580238997377478e+02
p4 0 0 1.473396431849603117e+00 3.626688800402924358e+02
p4 0 0 1.479672187129404293e+00 3.617197585134344422e+02
p4 0 0 1.485957336950811003e+00 3.485001264678284656e+02
p4 0 0 1.492235428844137068e+00 3.530882310463875911e+02
p4 0 0 1.498505563158792242e+00 3.518756834995476197e+02
p4 0 0 1.504788033368229971e+00 3.465554892146907378e+02
p4 0 0 1.511077562324459223e+00 3.421001076086277521e+02
p4 0 0 1.517363063341846008e+00 3.545617036120544299e+02
p4 0 0 1.523653270341324806e+00 3.418805137893723440e+02
p4 0 0 1.529942912799504340e+00 3.443528839644619097e+02
p4 0 0 1.536231829420274808e+00 3.385581995176519285e+02
p4 0 0 1.542513327069792606e+00 3.401118328038353411e+02
p4 0 0 1.548785556440221534e+00 3.420574065179563377e+02
p4 0 0 1.555073465503286512e+00 3.365119447636201357e+02
p4 0 0 1.561358245907146003e+00 3.403886033045449722e+02
p4 0 0 1.567631451431686029e+00 3.308711176291739093e+02
p4 0 0 1.573918013544226335e+00 3.319760278510106559e+02
p4 0 0 1.580207648268701970e+00 3.241262779752120764e+02
p4 0 0 1.586489494063065386e+00 3.278635782135424392e+02
p4 0 0 1.592763080732128689e+00 3.265758097418111561e+02
p4 0 0 1.599049662621118140e+00 3.219167607345946180e+02
p4 0 0 1.605345053337696948e+00 3.288642440179832533e+02
